 -1.0000       3.14159265       3.14159265   0.000000000058
 -0.9900       3.00005318       3.00005318  -0.000000000000
 -0.9800       2.94125781       2.94125781  -0.000000000000
 -0.9700       2.89602714       2.89602714  -0.000000000000
 -0.9600       2.85779854       2.85779854  -0.000000000005
 -0.9500       2.82403222       2.82403222  -0.000000000003
 -0.9400       2.79342663       2.79342663  -0.000000000001
 -0.9300       2.76520917       2.76520917  -0.000000000007
 -0.9200       2.73887681       2.73887681  -0.000000000004
 -0.9100       2.71408039       2.71408039  -0.000000000014
 -0.9000       2.69056584       2.69056584  -0.000000000007
 -0.8900       2.66814150       2.66814150  -0.000000000004
 -0.8800       2.64665853       2.64665853  -0.000000000013
 -0.8700       2.62599865       2.62599865  -0.000000000008
 -0.8600       2.60606600       2.60606600  -0.000000000023
 -0.8500       2.58678162       2.58678162  -0.000000000015
 -0.8400       2.56807955       2.56807955  -0.000000000010
 -0.8300       2.54990401       2.54990401  -0.000000000025
 -0.8200       2.53220735       2.53220735  -0.000000000018
 -0.8100       2.51494844       2.51494844  -0.000000000044
 -0.8000       2.49809154       2.49809154  -0.000000000033
 -0.7900       2.48160532       2.48160532  -0.000000000026
 -0.7800       2.46546214       2.46546214  -0.000000000022
 -0.7700       2.44963748       2.44963748  -0.000000000049
 -0.7600       2.43410944       2.43410944  -0.000000000042
 -0.7500       2.41885841       2.41885841  -0.000000000038
 -0.7400       2.40386669       2.40386669  -0.000000000035
 -0.7300       2.38911828       2.38911828  -0.000000000076
 -0.7200       2.37459865       2.37459865  -0.000000000072
 -0.7100       2.36029454       2.36029454  -0.000000000071
 -0.7000       2.34619382       2.34619382   0.000000000052
 -0.6900       2.33228538       2.33228538   0.000000000054
 -0.6800       2.31855896       2.31855896   0.000000000059
 -0.6700       2.30500511       2.30500511   0.000000000068
 -0.6600       2.29161509       2.29161509   0.000000000034
 -0.6500       2.27838076       2.27838076   0.000000000042
 -0.6400       2.26529459       2.26529459   0.000000000056
 -0.6300       2.25234954       2.25234954   0.000000000029
 -0.6200       2.23953903       2.23953903   0.000000000041
 -0.6100       2.22685692       2.22685692   0.000000000021
 -0.6000       2.21429744       2.21429744   0.000000000033
 -0.5900       2.20185517       2.20185517   0.000000000017
 -0.5800       2.18952502       2.18952502   0.000000000030
 -0.5700       2.17730218       2.17730218   0.000000000016
 -0.5600       2.16518213       2.16518213   0.000000000029
 -0.5500       2.15316056       2.15316056   0.000000000016
 -0.5400       2.14123344       2.14123344   0.000000000032
 -0.5300       2.12939689       2.12939689   0.000000000018
 -0.5200       2.11764728       2.11764728   0.000000000010
 -0.5100       2.10598112       2.10598112   0.000000000022
 -0.5000       2.09439510       2.09439510   0.000000000012
 -0.4900       2.08288608       2.08288608   0.000000000007
 -0.4800       2.07145104       2.07145104   0.000000000018
 -0.4700       2.06008710       2.06008710   0.000000000010
 -0.4600       2.04879153       2.04879153   0.000000000006
 -0.4500       2.03756167       2.03756167   0.000000000017
 -0.4400       2.02639500       2.02639500   0.000000000010
 -0.4300       2.01528910       2.01528910   0.000000000005
 -0.4200       2.00424165       2.00424165   0.000000000003
 -0.4100       1.99325039       1.99325039   0.000000000011
 -0.4000       1.98231317       1.98231317   0.000000000006
 -0.3900       1.97142792       1.97142792   0.000000000003
 -0.3800       1.96059262       1.96059262   0.000000000002
 -0.3700       1.94980535       1.94980535   0.000000000008
 -0.3600       1.93906422       1.93906422   0.000000000005
 -0.3500       1.92836743       1.92836743   0.000000000003
 -0.3400       1.91771322       1.91771322   0.000000000001
 -0.3300       1.90709990       1.90709990   0.000000000008
 -0.3200       1.89652581       1.89652581   0.000000000004
 -0.3100       1.88598936       1.88598936   0.000000000002
 -0.3000       1.87548898       1.87548898   0.000000000001
 -0.2900       1.86502316       1.86502316   0.000000000001
 -0.2800       1.85459044       1.85459044   0.000000000005
 -0.2700       1.84418936       1.84418936   0.000000000003
 -0.2600       1.83381853       1.83381853   0.000000000001
 -0.2500       1.82347658       1.82347658   0.000000000001
 -0.2400       1.81316218       1.81316218   0.000000000000
 -0.2300       1.80287401       1.80287401   0.000000000004
 -0.2200       1.79261080       1.79261080   0.000000000002
 -0.2100       1.78237129       1.78237129   0.000000000001
 -0.2000       1.77215425       1.77215425   0.000000000000
 -0.1900       1.76195847       1.76195847   0.000000000000
 -0.1800       1.75178278       1.75178278   0.000000000000
 -0.1700       1.74162600       1.74162600   0.000000000002
 -0.1600       1.73148698       1.73148698   0.000000000001
 -0.1500       1.72136460       1.72136460   0.000000000000
 -0.1400       1.71125774       1.71125774   0.000000000000
 -0.1300       1.70116531       1.70116531   0.000000000000
 -0.1200       1.69108621       1.69108621   0.000000000000
 -0.1100       1.68101938       1.68101938   0.000000000001
 -0.1000       1.67096375       1.67096375   0.000000000000
 -0.0900       1.66091827       1.66091827   0.000000000000
 -0.0800       1.65088191       1.65088191   0.000000000000
 -0.0700       1.64085362       1.64085362   0.000000000000
 -0.0600       1.63083239       1.63083239   0.000000000000
 -0.0500       1.62081718       1.62081718   0.000000000000
 -0.0400       1.61080700       1.61080700   0.000000000000
 -0.0300       1.60080083       1.60080083   0.000000000000
 -0.0200       1.59079766       1.59079766   0.000000000000
 -0.0100       1.58079649       1.58079649   0.000000000000
  0.0000       1.57079633       1.57079633   0.000000000000
  0.0100       1.56079616       1.56079616  -0.000000000000
  0.0200       1.55079499       1.55079499   0.000000000000
  0.0300       1.54079182       1.54079182  -0.000000000000
  0.0400       1.53078565       1.53078565  -0.000000000000
  0.0500       1.52077547       1.52077547  -0.000000000000
  0.0600       1.51076027       1.51076027  -0.000000000000
  0.0700       1.50073903       1.50073903  -0.000000000000
  0.0800       1.49071075       1.49071075  -0.000000000000
  0.0900       1.48067438       1.48067438  -0.000000000000
  0.1000       1.47062891       1.47062891  -0.000000000000
  0.1100       1.46057328       1.46057328  -0.000000000001
  0.1200       1.45050644       1.45050644  -0.000000000000
  0.1300       1.44042735       1.44042735  -0.000000000000
  0.1400       1.43033491       1.43033491  -0.000000000000
  0.1500       1.42022805       1.42022805  -0.000000000000
  0.1600       1.41010567       1.41010567  -0.000000000001
  0.1700       1.39996666       1.39996666  -0.000000000002
  0.1800       1.38980988       1.38980988  -0.000000000000
  0.1900       1.37963418       1.37963418  -0.000000000000
  0.2000       1.36943841       1.36943841  -0.000000000000
  0.2100       1.35922137       1.35922137  -0.000000000001
  0.2200       1.34898186       1.34898186  -0.000000000002
  0.2300       1.33871864       1.33871864  -0.000000000004
  0.2400       1.32843048       1.32843048  -0.000000000000
  0.2500       1.31811607       1.31811607  -0.000000000001
  0.2600       1.30777412       1.30777412  -0.000000000001
  0.2700       1.29740330       1.29740330  -0.000000000003
  0.2800       1.28700222       1.28700222  -0.000000000005
  0.2900       1.27656949       1.27656949  -0.000000000001
  0.3000       1.26610367       1.26610367  -0.000000000001
  0.3100       1.25560329       1.25560329  -0.000000000002
  0.3200       1.24506684       1.24506684  -0.000000000004
  0.3300       1.23449275       1.23449275  -0.000000000008
  0.3400       1.22387943       1.22387943  -0.000000000001
  0.3500       1.21322522       1.21322522  -0.000000000003
  0.3600       1.20252843       1.20252843  -0.000000000005
  0.3700       1.19178731       1.19178731  -0.000000000008
  0.3800       1.18100003       1.18100003  -0.000000000002
  0.3900       1.17016473       1.17016473  -0.000000000003
  0.4000       1.15927948       1.15927948  -0.000000000006
  0.4100       1.14834226       1.14834226  -0.000000000011
  0.4200       1.13735101       1.13735101  -0.000000000003
  0.4300       1.12630355       1.12630355  -0.000000000005
  0.4400       1.11519765       1.11519765  -0.000000000010
  0.4500       1.10403099       1.10403099  -0.000000000017
  0.4600       1.09280113       1.09280113  -0.000000000006
  0.4700       1.08150555       1.08150555  -0.000000000010
  0.4800       1.07014161       1.07014161  -0.000000000018
  0.4900       1.05870657       1.05870657  -0.000000000007
  0.5000       1.04719755       1.04719755  -0.000000000012
  0.5100       1.03561154       1.03561154  -0.000000000022
  0.5200       1.02394538       1.02394538  -0.000000000010
  0.5300       1.01219576       1.01219576  -0.000000000018
  0.5400       1.00035922       1.00035922  -0.000000000032
  0.5500       0.98843209       0.98843209  -0.000000000016
  0.5600       0.97641053       0.97641053  -0.000000000029
  0.5700       0.96429047       0.96429047  -0.000000000016
  0.5800       0.95206764       0.95206764  -0.000000000030
  0.5900       0.93973749       0.93973749  -0.000000000017
  0.6000       0.92729522       0.92729522  -0.000000000033
  0.6100       0.91473574       0.91473574  -0.000000000021
  0.6200       0.90205362       0.90205362  -0.000000000041
  0.6300       0.88924312       0.88924312  -0.000000000029
  0.6400       0.87629806       0.87629806  -0.000000000056
  0.6500       0.86321189       0.86321189  -0.000000000042
  0.6600       0.84997757       0.84997757  -0.000000000034
  0.6700       0.83658754       0.83658754  -0.000000000068
  0.6800       0.82303369       0.82303369  -0.000000000059
  0.6900       0.80930727       0.80930727  -0.000000000054
  0.7000       0.79539883       0.79539883  -0.000000000052
  0.7100       0.78129812       0.78129812   0.000000000071
  0.7200       0.76699401       0.76699401   0.000000000072
  0.7300       0.75247438       0.75247438   0.000000000076
  0.7400       0.73772597       0.73772597   0.000000000035
  0.7500       0.72273425       0.72273425   0.000000000038
  0.7600       0.70748321       0.70748321   0.000000000042
  0.7700       0.69195518       0.69195518   0.000000000049
  0.7800       0.67613051       0.67613051   0.000000000022
  0.7900       0.65998733       0.65998733   0.000000000026
  0.8000       0.64350111       0.64350111   0.000000000033
  0.8100       0.62664421       0.62664421   0.000000000044
  0.8200       0.60938531       0.60938531   0.000000000018
  0.8300       0.59168864       0.59168864   0.000000000025
  0.8400       0.57351310       0.57351310   0.000000000010
  0.8500       0.55481103       0.55481103   0.000000000015
  0.8600       0.53552665       0.53552665   0.000000000023
  0.8700       0.51559401       0.51559401   0.000000000008
  0.8800       0.49493413       0.49493413   0.000000000013
  0.8900       0.47345116       0.47345116   0.000000000004
  0.9000       0.45102681       0.45102681   0.000000000007
  0.9100       0.42751226       0.42751226   0.000000000014
  0.9200       0.40271584       0.40271584   0.000000000004
  0.9300       0.37638348       0.37638348   0.000000000007
  0.9400       0.34816602       0.34816602   0.000000000001
  0.9500       0.31756043       0.31756043   0.000000000003
  0.9600       0.28379411       0.28379411   0.000000000005
  0.9700       0.24556552       0.24556552   0.000000000000
  0.9800       0.20033484       0.20033484   0.000000000000
  0.9900       0.14153947       0.14153947   0.000000000000
