 -1.0000      -1.57079633      -1.57079633  -0.000000000058
 -0.9900      -1.42925685      -1.42925685   0.000000000000
 -0.9800      -1.37046148      -1.37046148   0.000000000000
 -0.9700      -1.32523081      -1.32523081   0.000000000000
 -0.9600      -1.28700222      -1.28700222   0.000000000005
 -0.9500      -1.25323590      -1.25323590   0.000000000003
 -0.9400      -1.22263031      -1.22263031   0.000000000001
 -0.9300      -1.19441284      -1.19441284   0.000000000007
 -0.9200      -1.16808049      -1.16808049   0.000000000004
 -0.9100      -1.14328406      -1.14328406   0.000000000014
 -0.9000      -1.11976952      -1.11976951   0.000000000007
 -0.8900      -1.09734517      -1.09734517   0.000000000004
 -0.8800      -1.07586220      -1.07586220   0.000000000013
 -0.8700      -1.05520232      -1.05520232   0.000000000008
 -0.8600      -1.03526967      -1.03526967   0.000000000023
 -0.8500      -1.01598529      -1.01598529   0.000000000015
 -0.8400      -0.99728322      -0.99728322   0.000000000010
 -0.8300      -0.97910768      -0.97910768   0.000000000025
 -0.8200      -0.96141102      -0.96141102   0.000000000018
 -0.8100      -0.94415212      -0.94415212   0.000000000044
 -0.8000      -0.92729522      -0.92729522   0.000000000033
 -0.7900      -0.91080900      -0.91080900   0.000000000026
 -0.7800      -0.89466582      -0.89466582   0.000000000022
 -0.7700      -0.87884115      -0.87884115   0.000000000049
 -0.7600      -0.86331312      -0.86331312   0.000000000042
 -0.7500      -0.84806208      -0.84806208   0.000000000038
 -0.7400      -0.83307036      -0.83307036   0.000000000035
 -0.7300      -0.81832195      -0.81832195   0.000000000076
 -0.7200      -0.80380232      -0.80380232   0.000000000072
 -0.7100      -0.78949821      -0.78949821   0.000000000071
 -0.7000      -0.77539750      -0.77539750  -0.000000000052
 -0.6900      -0.76148905      -0.76148905  -0.000000000054
 -0.6800      -0.74776263      -0.74776263  -0.000000000059
 -0.6700      -0.73420879      -0.73420879  -0.000000000068
 -0.6600      -0.72081876      -0.72081876  -0.000000000034
 -0.6500      -0.70758444      -0.70758444  -0.000000000042
 -0.6400      -0.69449827      -0.69449827  -0.000000000056
 -0.6300      -0.68155321      -0.68155321  -0.000000000029
 -0.6200      -0.66874270      -0.66874270  -0.000000000041
 -0.6100      -0.65606059      -0.65606059  -0.000000000021
 -0.6000      -0.64350111      -0.64350111  -0.000000000033
 -0.5900      -0.63105884      -0.63105884  -0.000000000017
 -0.5800      -0.61872869      -0.61872869  -0.000000000030
 -0.5700      -0.60650586      -0.60650586  -0.000000000016
 -0.5600      -0.59438580      -0.59438580  -0.000000000029
 -0.5500      -0.58236424      -0.58236424  -0.000000000016
 -0.5400      -0.57043711      -0.57043711  -0.000000000032
 -0.5300      -0.55860057      -0.55860057  -0.000000000018
 -0.5200      -0.54685095      -0.54685095  -0.000000000010
 -0.5100      -0.53518479      -0.53518479  -0.000000000022
 -0.5000      -0.52359878      -0.52359878  -0.000000000012
 -0.4900      -0.51208975      -0.51208975  -0.000000000007
 -0.4800      -0.50065471      -0.50065471  -0.000000000018
 -0.4700      -0.48929078      -0.48929078  -0.000000000010
 -0.4600      -0.47799520      -0.47799520  -0.000000000006
 -0.4500      -0.46676534      -0.46676534  -0.000000000017
 -0.4400      -0.45559867      -0.45559867  -0.000000000010
 -0.4300      -0.44449278      -0.44449278  -0.000000000005
 -0.4200      -0.43344532      -0.43344532  -0.000000000003
 -0.4100      -0.42245406      -0.42245406  -0.000000000011
 -0.4000      -0.41151685      -0.41151685  -0.000000000006
 -0.3900      -0.40063159      -0.40063159  -0.000000000003
 -0.3800      -0.38979630      -0.38979630  -0.000000000002
 -0.3700      -0.37900902      -0.37900902  -0.000000000008
 -0.3600      -0.36826789      -0.36826789  -0.000000000005
 -0.3500      -0.35757110      -0.35757110  -0.000000000003
 -0.3400      -0.34691690      -0.34691690  -0.000000000001
 -0.3300      -0.33630358      -0.33630358  -0.000000000008
 -0.3200      -0.32572949      -0.32572949  -0.000000000004
 -0.3100      -0.31519303      -0.31519303  -0.000000000002
 -0.3000      -0.30469265      -0.30469265  -0.000000000001
 -0.2900      -0.29422684      -0.29422684  -0.000000000001
 -0.2800      -0.28379411      -0.28379411  -0.000000000005
 -0.2700      -0.27339303      -0.27339303  -0.000000000003
 -0.2600      -0.26302220      -0.26302220  -0.000000000001
 -0.2500      -0.25268026      -0.25268026  -0.000000000001
 -0.2400      -0.24236585      -0.24236585  -0.000000000000
 -0.2300      -0.23207768      -0.23207768  -0.000000000004
 -0.2200      -0.22181447      -0.22181447  -0.000000000002
 -0.2100      -0.21157496      -0.21157496  -0.000000000001
 -0.2000      -0.20135792      -0.20135792  -0.000000000000
 -0.1900      -0.19116215      -0.19116215  -0.000000000000
 -0.1800      -0.18098645      -0.18098645  -0.000000000000
 -0.1700      -0.17082967      -0.17082967  -0.000000000002
 -0.1600      -0.16069065      -0.16069065  -0.000000000001
 -0.1500      -0.15056827      -0.15056827  -0.000000000000
 -0.1400      -0.14046141      -0.14046141  -0.000000000000
 -0.1300      -0.13036898      -0.13036898  -0.000000000000
 -0.1200      -0.12028988      -0.12028988  -0.000000000000
 -0.1100      -0.11022305      -0.11022305  -0.000000000001
 -0.1000      -0.10016742      -0.10016742  -0.000000000000
 -0.0900      -0.09012195      -0.09012195  -0.000000000000
 -0.0800      -0.08008558      -0.08008558  -0.000000000000
 -0.0700      -0.07005729      -0.07005729  -0.000000000000
 -0.0600      -0.06003606      -0.06003606  -0.000000000000
 -0.0500      -0.05002086      -0.05002086  -0.000000000000
 -0.0400      -0.04001067      -0.04001067  -0.000000000000
 -0.0300      -0.03000450      -0.03000450  -0.000000000000
 -0.0200      -0.02000133      -0.02000133  -0.000000000000
 -0.0100      -0.01000017      -0.01000017  -0.000000000000
  0.0000       0.00000000       0.00000000   0.000000000000
  0.0100       0.01000017       0.01000017   0.000000000000
  0.0200       0.02000133       0.02000133   0.000000000000
  0.0300       0.03000450       0.03000450   0.000000000000
  0.0400       0.04001067       0.04001067   0.000000000000
  0.0500       0.05002086       0.05002086   0.000000000000
  0.0600       0.06003606       0.06003606   0.000000000000
  0.0700       0.07005729       0.07005729   0.000000000000
  0.0800       0.08008558       0.08008558   0.000000000000
  0.0900       0.09012195       0.09012195   0.000000000000
  0.1000       0.10016742       0.10016742   0.000000000000
  0.1100       0.11022305       0.11022305   0.000000000001
  0.1200       0.12028988       0.12028988   0.000000000000
  0.1300       0.13036898       0.13036898   0.000000000000
  0.1400       0.14046141       0.14046141   0.000000000000
  0.1500       0.15056827       0.15056827   0.000000000000
  0.1600       0.16069065       0.16069065   0.000000000001
  0.1700       0.17082967       0.17082967   0.000000000002
  0.1800       0.18098645       0.18098645   0.000000000000
  0.1900       0.19116215       0.19116215   0.000000000000
  0.2000       0.20135792       0.20135792   0.000000000000
  0.2100       0.21157496       0.21157496   0.000000000001
  0.2200       0.22181447       0.22181447   0.000000000002
  0.2300       0.23207768       0.23207768   0.000000000004
  0.2400       0.24236585       0.24236585   0.000000000000
  0.2500       0.25268026       0.25268026   0.000000000001
  0.2600       0.26302220       0.26302220   0.000000000001
  0.2700       0.27339303       0.27339303   0.000000000003
  0.2800       0.28379411       0.28379411   0.000000000005
  0.2900       0.29422684       0.29422684   0.000000000001
  0.3000       0.30469265       0.30469265   0.000000000001
  0.3100       0.31519303       0.31519303   0.000000000002
  0.3200       0.32572949       0.32572949   0.000000000004
  0.3300       0.33630358       0.33630358   0.000000000008
  0.3400       0.34691690       0.34691690   0.000000000001
  0.3500       0.35757110       0.35757110   0.000000000003
  0.3600       0.36826789       0.36826789   0.000000000005
  0.3700       0.37900902       0.37900902   0.000000000008
  0.3800       0.38979630       0.38979630   0.000000000002
  0.3900       0.40063159       0.40063159   0.000000000003
  0.4000       0.41151685       0.41151685   0.000000000006
  0.4100       0.42245406       0.42245406   0.000000000011
  0.4200       0.43344532       0.43344532   0.000000000003
  0.4300       0.44449278       0.44449278   0.000000000005
  0.4400       0.45559867       0.45559867   0.000000000010
  0.4500       0.46676534       0.46676534   0.000000000017
  0.4600       0.47799520       0.47799520   0.000000000006
  0.4700       0.48929078       0.48929078   0.000000000010
  0.4800       0.50065471       0.50065471   0.000000000018
  0.4900       0.51208975       0.51208975   0.000000000007
  0.5000       0.52359878       0.52359878   0.000000000012
  0.5100       0.53518479       0.53518479   0.000000000022
  0.5200       0.54685095       0.54685095   0.000000000010
  0.5300       0.55860057       0.55860057   0.000000000018
  0.5400       0.57043711       0.57043711   0.000000000032
  0.5500       0.58236424       0.58236424   0.000000000016
  0.5600       0.59438580       0.59438580   0.000000000029
  0.5700       0.60650586       0.60650586   0.000000000016
  0.5800       0.61872869       0.61872869   0.000000000030
  0.5900       0.63105884       0.63105884   0.000000000017
  0.6000       0.64350111       0.64350111   0.000000000033
  0.6100       0.65606059       0.65606059   0.000000000021
  0.6200       0.66874270       0.66874270   0.000000000041
  0.6300       0.68155321       0.68155321   0.000000000029
  0.6400       0.69449827       0.69449827   0.000000000056
  0.6500       0.70758444       0.70758444   0.000000000042
  0.6600       0.72081876       0.72081876   0.000000000034
  0.6700       0.73420879       0.73420879   0.000000000068
  0.6800       0.74776263       0.74776263   0.000000000059
  0.6900       0.76148905       0.76148905   0.000000000054
  0.7000       0.77539750       0.77539750   0.000000000052
  0.7100       0.78949821       0.78949821  -0.000000000071
  0.7200       0.80380232       0.80380232  -0.000000000072
  0.7300       0.81832195       0.81832195  -0.000000000076
  0.7400       0.83307036       0.83307036  -0.000000000035
  0.7500       0.84806208       0.84806208  -0.000000000038
  0.7600       0.86331312       0.86331312  -0.000000000042
  0.7700       0.87884115       0.87884115  -0.000000000049
  0.7800       0.89466582       0.89466582  -0.000000000022
  0.7900       0.91080900       0.91080900  -0.000000000026
  0.8000       0.92729522       0.92729522  -0.000000000033
  0.8100       0.94415212       0.94415212  -0.000000000044
  0.8200       0.96141102       0.96141102  -0.000000000018
  0.8300       0.97910768       0.97910768  -0.000000000025
  0.8400       0.99728322       0.99728322  -0.000000000010
  0.8500       1.01598529       1.01598529  -0.000000000015
  0.8600       1.03526967       1.03526967  -0.000000000023
  0.8700       1.05520232       1.05520232  -0.000000000008
  0.8800       1.07586220       1.07586220  -0.000000000013
  0.8900       1.09734517       1.09734517  -0.000000000004
  0.9000       1.11976952       1.11976951  -0.000000000007
  0.9100       1.14328406       1.14328406  -0.000000000014
  0.9200       1.16808049       1.16808049  -0.000000000004
  0.9300       1.19441284       1.19441284  -0.000000000007
  0.9400       1.22263031       1.22263031  -0.000000000001
  0.9500       1.25323590       1.25323590  -0.000000000003
  0.9600       1.28700222       1.28700222  -0.000000000005
  0.9700       1.32523081       1.32523081  -0.000000000000
  0.9800       1.37046148       1.37046148  -0.000000000000
  0.9900       1.42925685       1.42925685  -0.000000000000

