-1.0000  -0.000000000058
-0.9900  0.000000000000
-0.9800  0.000000000000
-0.9700  0.000000000000
-0.9600  0.000000000005
-0.9500  0.000000000003
-0.9400  0.000000000001
-0.9300  0.000000000007
-0.9200  0.000000000004
-0.9100  0.000000000014
-0.9000  0.000000000007
-0.8900  0.000000000004
-0.8800  0.000000000013
-0.8700  0.000000000008
-0.8600  0.000000000023
-0.8500  0.000000000015
-0.8400  0.000000000010
-0.8300  0.000000000025
-0.8200  0.000000000018
-0.8100  0.000000000044
-0.8000  0.000000000033
-0.7900  0.000000000026
-0.7800  0.000000000022
-0.7700  0.000000000049
-0.7600  0.000000000042
-0.7500  0.000000000038
-0.7400  0.000000000035
-0.7300  0.000000000076
-0.7200  0.000000000072
-0.7100  0.000000000071
-0.7000  -0.000000000052
-0.6900  -0.000000000054
-0.6800  -0.000000000059
-0.6700  -0.000000000068
-0.6600  -0.000000000034
-0.6500  -0.000000000042
-0.6400  -0.000000000056
-0.6300  -0.000000000029
-0.6200  -0.000000000041
-0.6100  -0.000000000021
-0.6000  -0.000000000033
-0.5900  -0.000000000017
-0.5800  -0.000000000030
-0.5700  -0.000000000016
-0.5600  -0.000000000029
-0.5500  -0.000000000016
-0.5400  -0.000000000032
-0.5300  -0.000000000018
-0.5200  -0.000000000010
-0.5100  -0.000000000022
-0.5000  -0.000000000012
-0.4900  -0.000000000007
-0.4800  -0.000000000018
-0.4700  -0.000000000010
-0.4600  -0.000000000006
-0.4500  -0.000000000017
-0.4400  -0.000000000010
-0.4300  -0.000000000005
-0.4200  -0.000000000003
-0.4100  -0.000000000011
-0.4000  -0.000000000006
-0.3900  -0.000000000003
-0.3800  -0.000000000002
-0.3700  -0.000000000008
-0.3600  -0.000000000005
-0.3500  -0.000000000003
-0.3400  -0.000000000001
-0.3300  -0.000000000008
-0.3200  -0.000000000004
-0.3100  -0.000000000002
-0.3000  -0.000000000001
-0.2900  -0.000000000001
-0.2800  -0.000000000005
-0.2700  -0.000000000003
-0.2600  -0.000000000001
-0.2500  -0.000000000001
-0.2400  -0.000000000000
-0.2300  -0.000000000004
-0.2200  -0.000000000002
-0.2100  -0.000000000001
-0.2000  -0.000000000000
-0.1900  -0.000000000000
-0.1800  -0.000000000000
-0.1700  -0.000000000002
-0.1600  -0.000000000001
-0.1500  -0.000000000000
-0.1400  -0.000000000000
-0.1300  -0.000000000000
-0.1200  -0.000000000000
-0.1100  -0.000000000001
-0.1000  -0.000000000000
-0.0900  -0.000000000000
-0.0800  -0.000000000000
-0.0700  -0.000000000000
-0.0600  -0.000000000000
-0.0500  -0.000000000000
-0.0400  -0.000000000000
-0.0300  -0.000000000000
-0.0200  -0.000000000000
-0.0100  -0.000000000000
0.0000  0.000000000000
0.0100  0.000000000000
0.0200  0.000000000000
0.0300  0.000000000000
0.0400  0.000000000000
0.0500  0.000000000000
0.0600  0.000000000000
0.0700  0.000000000000
0.0800  0.000000000000
0.0900  0.000000000000
0.1000  0.000000000000
0.1100  0.000000000001
0.1200  0.000000000000
0.1300  0.000000000000
0.1400  0.000000000000
0.1500  0.000000000000
0.1600  0.000000000001
0.1700  0.000000000002
0.1800  0.000000000000
0.1900  0.000000000000
0.2000  0.000000000000
0.2100  0.000000000001
0.2200  0.000000000002
0.2300  0.000000000004
0.2400  0.000000000000
0.2500  0.000000000001
0.2600  0.000000000001
0.2700  0.000000000003
0.2800  0.000000000005
0.2900  0.000000000001
0.3000  0.000000000001
0.3100  0.000000000002
0.3200  0.000000000004
0.3300  0.000000000008
0.3400  0.000000000001
0.3500  0.000000000003
0.3600  0.000000000005
0.3700  0.000000000008
0.3800  0.000000000002
0.3900  0.000000000003
0.4000  0.000000000006
0.4100  0.000000000011
0.4200  0.000000000003
0.4300  0.000000000005
0.4400  0.000000000010
0.4500  0.000000000017
0.4600  0.000000000006
0.4700  0.000000000010
0.4800  0.000000000018
0.4900  0.000000000007
0.5000  0.000000000012
0.5100  0.000000000022
0.5200  0.000000000010
0.5300  0.000000000018
0.5400  0.000000000032
0.5500  0.000000000016
0.5600  0.000000000029
0.5700  0.000000000016
0.5800  0.000000000030
0.5900  0.000000000017
0.6000  0.000000000033
0.6100  0.000000000021
0.6200  0.000000000041
0.6300  0.000000000029
0.6400  0.000000000056
0.6500  0.000000000042
0.6600  0.000000000034
0.6700  0.000000000068
0.6800  0.000000000059
0.6900  0.000000000054
0.7000  0.000000000052
0.7100  -0.000000000071
0.7200  -0.000000000072
0.7300  -0.000000000076
0.7400  -0.000000000035
0.7500  -0.000000000038
0.7600  -0.000000000042
0.7700  -0.000000000049
0.7800  -0.000000000022
0.7900  -0.000000000026
0.8000  -0.000000000033
0.8100  -0.000000000044
0.8200  -0.000000000018
0.8300  -0.000000000025
0.8400  -0.000000000010
0.8500  -0.000000000015
0.8600  -0.000000000023
0.8700  -0.000000000008
0.8800  -0.000000000013
0.8900  -0.000000000004
0.9000  -0.000000000007
0.9100  -0.000000000014
0.9200  -0.000000000004
0.9300  -0.000000000007
0.9400  -0.000000000001
0.9500  -0.000000000003
0.9600  -0.000000000005
0.9700  -0.000000000000
0.9800  -0.000000000000
0.9900  -0.000000000000
  
