1.0000  -0.00000000008799
1.1000  -0.00000000003498
1.2000  -0.00000000005663
1.3000  -0.00000000002099
1.4000  -0.00000000003186
1.5000  -0.00000000002115
1.6000  -0.00000000001776
1.7000  -0.00000000001875
1.8000  -0.00000000002472
1.9000  -0.00000000000782
2.0000  -0.00000000001437
2.1000  -0.00000000000528
2.2000  -0.00000000001323
2.3000  -0.00000000000556
2.4000  -0.00000000000240
2.5000  -0.00000000000883
2.6000  -0.00000000000429
2.7000  -0.00000000000212
2.8000  -0.00000000000107
2.9000  -0.00000000000605
3.0000  -0.00000000000338
3.1000  -0.00000000000191
3.2000  -0.00000000000110
3.3000  -0.00000000000064
3.4000  -0.00000000000564
3.5000  -0.00000000000357
3.6000  -0.00000000000228
3.7000  -0.00000000000147
3.8000  -0.00000000000096
3.9000  -0.00000000000063
4.0000  -0.00000000000042
4.1000  -0.00000000000028
4.2000  -0.00000000000433
4.3000  -0.00000000000309
4.4000  -0.00000000000222
4.5000  -0.00000000000161
4.6000  -0.00000000000117
4.7000  -0.00000000000086
4.8000  -0.00000000000064
4.9000  -0.00000000000047
5.0000  -0.00000000000035
5.1000  -0.00000000000026
5.2000  -0.00000000000020
5.3000  -0.00000000000015
5.4000  -0.00000000000012
5.5000  -0.00000000000009
5.6000  -0.00000000000007
5.7000  -0.00000000000218
5.8000  -0.00000000000175
5.9000  -0.00000000000141
6.0000  -0.00000000000114
6.1000  -0.00000000000092
6.2000  -0.00000000000075
6.3000  -0.00000000000061
6.4000  -0.00000000000050
6.5000  -0.00000000000041
6.6000  -0.00000000000034
6.7000  -0.00000000000028
6.8000  -0.00000000000023
6.9000  -0.00000000000019
7.0000  -0.00000000000016
7.1000  -0.00000000000013
7.2000  -0.00000000000011
7.3000  -0.00000000000009
7.4000  -0.00000000000008
7.5000  -0.00000000000007
7.6000  -0.00000000000006
7.7000  -0.00000000000005
7.8000  -0.00000000000004
7.9000  -0.00000000000003
8.0000  -0.00000000000003
8.1000  -0.00000000000003
8.2000  -0.00000000000002
8.3000  -0.00000000000002
8.4000  -0.00000000000002
8.5000  -0.00000000000001
8.6000  -0.00000000000001
8.7000  -0.00000000000001
8.8000  -0.00000000000086
8.9000  -0.00000000000076
9.0000  -0.00000000000067
9.1000  -0.00000000000060
9.2000  -0.00000000000053
9.3000  -0.00000000000047
9.4000  -0.00000000000042
9.5000  -0.00000000000037
9.6000  -0.00000000000033
9.7000  -0.00000000000030
9.8000  -0.00000000000027
9.9000  -0.00000000000024
10.0000  -0.00000000000021
  
