1.0000  -0.00000000000122
1.1000  -0.00000000000025
1.2000  -0.00000000000053
1.3000  -0.00000000000034
1.4000  -0.00000000000011
1.5000  -0.00000000000084
1.6000  -0.00000000000016
1.7000  -0.00000000004534
1.8000  -0.00000000000870
1.9000  -0.00000000000110
2.0000  -0.00000000000080
2.1000  -0.00000000000167
2.2000  -0.00000000000020
2.3000  -0.00000000000041
2.4000  -0.00000000000079
2.5000  -0.00000000001826
2.6000  -0.00000000000260
2.7000  -0.00000000000027
2.8000  -0.00000000000046
2.9000  -0.00000000000334
3.0000  -0.00000000000112
3.1000  -0.00000000000169
3.2000  -0.00000000000249
3.3000  -0.00000000000027
3.4000  -0.00000000000039
3.5000  -0.00000000000056
3.6000  -0.00000000000085
3.7000  -0.00000000000147
3.8000  -0.00000000000316
3.9000  -0.00000000000804
4.0000  -0.00000000001957
4.1000  -0.00000000000026
4.2000  -0.00000000000034
4.3000  -0.00000000000044
4.4000  -0.00000000000056
4.5000  -0.00000000000070
4.6000  -0.00000000000088
4.7000  -0.00000000000110
4.8000  -0.00000000000135
4.9000  -0.00000000000166
5.0000  -0.00000000000201
5.1000  -0.00000000000022
5.2000  -0.00000000000027
5.3000  -0.00000000000034
5.4000  -0.00000000000044
5.5000  -0.00000000000060
5.6000  -0.00000000000088
5.7000  -0.00000000000141
5.8000  -0.00000000000245
5.9000  -0.00000000000449
6.0000  -0.00000000000850
6.1000  -0.00000000001626
6.2000  -0.00000000000140
6.3000  -0.00000000000161
6.4000  -0.00000000000018
6.5000  -0.00000000000021
6.6000  -0.00000000000024
6.7000  -0.00000000000027
6.8000  -0.00000000000031
6.9000  -0.00000000000036
7.0000  -0.00000000000041
7.1000  -0.00000000000046
7.2000  -0.00000000000052
7.3000  -0.00000000000058
7.4000  -0.00000000000066
7.5000  -0.00000000000074
7.6000  -0.00000000000082
7.7000  -0.00000000000092
7.8000  -0.00000000000103
7.9000  -0.00000000000115
8.0000  -0.00000000000129
8.1000  -0.00000000000145
8.2000  -0.00000000000027
8.3000  -0.00000000000041
8.4000  -0.00000000000065
8.5000  -0.00000000000109
8.6000  -0.00000000000190
8.7000  -0.00000000000337
8.8000  -0.00000000000602
8.9000  -0.00000000001071
9.0000  -0.00000000000035
9.1000  -0.00000000000038
9.2000  -0.00000000000042
9.3000  -0.00000000000046
9.4000  -0.00000000000050
9.5000  -0.00000000000054
9.6000  -0.00000000000059
9.7000  -0.00000000000064
9.8000  -0.00000000000069
9.9000  -0.00000000000075
10.0000  -0.00000000000081
  
