  1.0000       0.00000000       0.00000000 -0.00000000000122
  1.1000       0.09531018       0.09531018 -0.00000000000025
  1.2000       0.18232156       0.18232156 -0.00000000000053
  1.3000       0.26236426       0.26236426 -0.00000000000034
  1.4000       0.33647224       0.33647224 -0.00000000000011
  1.5000       0.40546511       0.40546511 -0.00000000000084
  1.6000       0.47000363       0.47000363 -0.00000000000016
  1.7000       0.53062825       0.53062825 -0.00000000004534
  1.8000       0.58778666       0.58778666 -0.00000000000870
  1.9000       0.64185389       0.64185389 -0.00000000000110
  2.0000       0.69314718       0.69314718 -0.00000000000080
  2.1000       0.74193734       0.74193734 -0.00000000000167
  2.2000       0.78845736       0.78845736 -0.00000000000020
  2.3000       0.83290912       0.83290912 -0.00000000000041
  2.4000       0.87546874       0.87546874 -0.00000000000079
  2.5000       0.91629073       0.91629073 -0.00000000001826
  2.6000       0.95551145       0.95551145 -0.00000000000260
  2.7000       0.99325177       0.99325177 -0.00000000000027
  2.8000       1.02961942       1.02961942 -0.00000000000046
  2.9000       1.06471074       1.06471074 -0.00000000000334
  3.0000       1.09861229       1.09861229 -0.00000000000112
  3.1000       1.13140211       1.13140211 -0.00000000000169
  3.2000       1.16315081       1.16315081 -0.00000000000249
  3.3000       1.19392247       1.19392247 -0.00000000000027
  3.4000       1.22377543       1.22377543 -0.00000000000039
  3.5000       1.25276297       1.25276297 -0.00000000000056
  3.6000       1.28093385       1.28093385 -0.00000000000085
  3.7000       1.30833282       1.30833282 -0.00000000000147
  3.8000       1.33500107       1.33500107 -0.00000000000316
  3.9000       1.36097655       1.36097655 -0.00000000000804
  4.0000       1.38629436       1.38629436 -0.00000000001957
  4.1000       1.41098697       1.41098697 -0.00000000000026
  4.2000       1.43508453       1.43508453 -0.00000000000034
  4.3000       1.45861502       1.45861502 -0.00000000000044
  4.4000       1.48160454       1.48160454 -0.00000000000056
  4.5000       1.50407740       1.50407740 -0.00000000000070
  4.6000       1.52605630       1.52605630 -0.00000000000088
  4.7000       1.54756251       1.54756251 -0.00000000000110
  4.8000       1.56861592       1.56861592 -0.00000000000135
  4.9000       1.58923521       1.58923521 -0.00000000000166
  5.0000       1.60943791       1.60943791 -0.00000000000201
  5.1000       1.62924054       1.62924054 -0.00000000000022
  5.2000       1.64865863       1.64865863 -0.00000000000027
  5.3000       1.66770682       1.66770682 -0.00000000000034
  5.4000       1.68639895       1.68639895 -0.00000000000044
  5.5000       1.70474809       1.70474809 -0.00000000000060
  5.6000       1.72276660       1.72276660 -0.00000000000088
  5.7000       1.74046617       1.74046617 -0.00000000000141
  5.8000       1.75785792       1.75785792 -0.00000000000245
  5.9000       1.77495235       1.77495235 -0.00000000000449
  6.0000       1.79175947       1.79175947 -0.00000000000850
  6.1000       1.80828877       1.80828877 -0.00000000001626
  6.2000       1.82454929       1.82454929 -0.00000000000140
  6.3000       1.84054963       1.84054963 -0.00000000000161
  6.4000       1.85629799       1.85629799 -0.00000000000018
  6.5000       1.87180218       1.87180218 -0.00000000000021
  6.6000       1.88706965       1.88706965 -0.00000000000024
  6.7000       1.90210753       1.90210753 -0.00000000000027
  6.8000       1.91692261       1.91692261 -0.00000000000031
  6.9000       1.93152141       1.93152141 -0.00000000000036
  7.0000       1.94591015       1.94591015 -0.00000000000041
  7.1000       1.96009478       1.96009478 -0.00000000000046
  7.2000       1.97408103       1.97408103 -0.00000000000052
  7.3000       1.98787435       1.98787435 -0.00000000000058
  7.4000       2.00148000       2.00148000 -0.00000000000066
  7.5000       2.01490302       2.01490302 -0.00000000000074
  7.6000       2.02814825       2.02814825 -0.00000000000082
  7.7000       2.04122033       2.04122033 -0.00000000000092
  7.8000       2.05412373       2.05412373 -0.00000000000103
  7.9000       2.06686276       2.06686276 -0.00000000000115
  8.0000       2.07944154       2.07944154 -0.00000000000129
  8.1000       2.09186406       2.09186406 -0.00000000000145
  8.2000       2.10413415       2.10413415 -0.00000000000027
  8.3000       2.11625551       2.11625551 -0.00000000000041
  8.4000       2.12823171       2.12823171 -0.00000000000065
  8.5000       2.14006616       2.14006616 -0.00000000000109
  8.6000       2.15176220       2.15176220 -0.00000000000190
  8.7000       2.16332303       2.16332303 -0.00000000000337
  8.8000       2.17475172       2.17475172 -0.00000000000602
  8.9000       2.18605128       2.18605128 -0.00000000001071
  9.0000       2.19722458       2.19722458 -0.00000000000035
  9.1000       2.20827441       2.20827441 -0.00000000000038
  9.2000       2.21920348       2.21920348 -0.00000000000042
  9.3000       2.23001440       2.23001440 -0.00000000000046
  9.4000       2.24070969       2.24070969 -0.00000000000050
  9.5000       2.25129180       2.25129180 -0.00000000000054
  9.6000       2.26176310       2.26176310 -0.00000000000059
  9.7000       2.27212589       2.27212589 -0.00000000000064
  9.8000       2.28238239       2.28238239 -0.00000000000069
  9.9000       2.29253476       2.29253476 -0.00000000000075
 10.0000       2.30258509       2.30258509 -0.00000000000081

