            9           11           19           19
           31           18           26           22
           43           22           34           39
           67           33           37           41
           74           38           43           49
           84           49           56           58
          103           60           63           54
          119           63           63           65
          143           75           67           79
          169           83           71           86
          190           88           93          107
          226          100          104           90
          223          111          101          104
          242          124          107          108
          276          136          139          139
          319          146          137          126
          315          156          135          134
          355          179          151          136
          383          188          146          152
          428          191          170          159
          453          200          179          170
          489          224          184          177
          522          235          185          188
          500          248          211          202
          607          263          188          204
          633          285          212          221
          658          300          217          256
          737          314          272          239
          766          315          241          240
          800          346          258          256
          836          356          247          283
          903          368          277          293
          956          389          272          323
          998          410          296          266
          992          412          300          319
         1063          433          321          298
         1040          439          381          350
         1210          470          378          317
         1154          485          370          331
         1232          499          378          328
         1227          514          381          379
         1399          519          339          400
         1466          550          398          365
         1427          565          402          439
         1609          600          401          414
         1636          594          410          447
         1667          605          421          463
         1744          635          460          447
         1747          673          447          415
         1825          668          448          438
         1887          688          491          505
         2009          705          472          499
         2085          724          483          461
         2023          745          511          515
         2205          758          496          512
         2261          786          495          482
         2221          815          494          504
         2367          807          524          651
         2568          838          580          533
         2504          854          522          573
         2638          880          548          593
         2717          887          602          580
         2776          918          639          587
         2837          937          603          608
         2953          984          657          598
         2992          974          635          650
         3129         1002          601          704
         3245         1028          663          638
         3256         1043          710          652
         3325         1052          724          677
         3347         1085          645          661
         3433         1120          912          724
         3649         1128          710          657
         3632         1139          642          723
         3684         1140          675          745
         3800         1187          766          769
         3988         1231          766          716
         4027         1234          740          806
         4181         1257          754          744
         4229         1289          853          747
         4302         1283          766          826
         4415         1324          764          935
         4640         1341          952          897
         4689         1368          852          949
         4810         1385          804          961
         4960         1410          812          897
         4947         1433          893          926
         5046         1450          877          916
         5149         1472          994          896
         5257         1498          895          928
         5327         1513          877          889
         5448         1542         1255          969
         5624         1570          944         1076
         5774         1615          950         1023
         5859         1634         1001          933
         5828         1620          994          961
         6008         1666         1073          971
         6116         1675         1005         1007
         6107         1697         1098          963
         6183         1726         1140         1080
         6504         1756         1025         1082
         6647         1776         1110         1083
         6544         1814         1046          976
         6733         1813         1161         1004
         6770         1855         1053         1060
         7019         1873         1175         1051
         7120         1914         1112         1163
         7373         1921         1048         1152
         7477         1962         1064         1106
         7442         1971         1103         1125
         7652         2000         1139         1102
         7519         2019         1190         1149
         7799         2012         1170         1239
         7842         2053         1197         1183
         8113         2119         1182         1166
         8240         2130         1252         1227
         8442         2110         1187         1257
         8610         2129         1204         1195
         8643         2189         1252         1249
         8830         2195         1205         1163
         8877         2210         1226         1257
         9054         2263         1176         1372
         9370         2287         1303         1270
         9377         2311         1434         1227
         9293         2334         1310         1274
         9638         2356         1327         1363
         9553         2413         1331         1335
         9845         2393         1329         1370
        10057         2430         1329         1344
        10135         2470         1367         1460
        10427         2481         1309         1265
        10367         2534         1385         1443
        10668         2531         1472         1690
        11023         2565         1519         1428
        10809         2583         1407         1454
        11106         2596         1517         1522
        11314         2618         1638         1511
        11222         2660         1533         1448
        11348         2693         1757         1490
        11758         2690         1535         1584
        12003         2729         1518         1690
        12197         2777         1636         1549
        12189         2779         1600         1504
        12346         2830         1576         1630
        12466         2870         1592         1647
        12612         2863         1616         1659
        12969         2911         1564         1558
        12989         2944         1849         1634
        12856         2938         1545         1576
        13342         2968         1567         1575
        13405         3010         1662         1633
        13645         2996         1731         1839
        14070         3064         1641         1546
        13844         3070         1686         1544
        13915         3094         1595         1703
        14413         3140         1640         1870
        14560         3193         1874         1689
        14720         3157         1690         1784
        14797         3243         1729         1705
        15016         3243         1748         1746
        14610         3281         1869         1863
        15368         3289         1667         1758
        15448         3314         1908         2023
        16041         3384         1768         2033
        16193         3390         1939         1901
        16095         3402         1800         1756
        16171         3396         2058         1967
        16658         3494         1837         1921
        16393         3489         1759         1874
        16184         3563         1758         1969
        17184         3554         1884         2080
        17344         3574         1923         1921
        17392         3576         1938         1873
        17521         3629         1884         1952
        17693         3619         1840         1905
        17879         3688         2066         2021
        18283         3709         1925         2051
        18512         3720         1917         1840
        18427         3778         1886         2008
        18708         3792         2353         2110
        18977         3823         2036         1917
        19086         3872         2028         2018
        19318         3899         1991         1906
        19448         3913         1872         2008
        19621         3947         1982         2006
        19610         3956         1933         2079
        19696         3945         1980         2095
        20106         4039         2236         2111
        20449         4025         2186         2050
        20581         4075         2091         2137
        20842         4104         2165         2188
        20973         4100         2160         2356
        21362         4146         2364         2143
        21016         4201         2029         2226
        21882         4195         2225         2074
        21821         4281         2282         2076
        22085         4278         2248         2165
        21290         4300         2292         2439
        22887         4331         2177         2275
        22728         4380         2181         2381
        23101         4370         2351         2217
        23142         4425         2671         2299
        22879         4402         2402         2336
        23858         4474         2454         2238
        23764         4551         2344         2268
        24177         4545         2498         2222
        24349         4544         2384         2390
        24665         4614         2253         2386
        24873         4629         2314         2406
        25061         4678         2908         2534
        25503         4651         2448         2496
        25545         4727         2344         2312
        25448         4752         2418         2326
        25958         4752         2613         2404
        26122         4808         2532         2592
        26591         4803         2592         2428
        26507         4889         2556         2413
        26878         4917         2348         2342
        27085         4912         2749         2515
        27371         4927         2504         2365
        27499         4996         2654         2684
        27956         5018         2770         2460
        27901         5042         2473         2715
        28215         5069         2639         2797
        28888         5103         2640         2700
        29025         5104         2660         2562
        29117         5162         3238         2776
        29544         5192         3046         2558
        29208         5189         2519         2740
        29748         5256         2766         2810
        29525         5263         2608         2574
        29776         5277         2560         2799
        30710         5380         2890         3132
        31145         5416         2626         2654
        31004         5356         2734         2750
        31177         5368         2810         2666
        31355         5435         2600         2740
        31466         5500         2808         2777
        31990         5550         2772         2893
        32494         5539         2864         2945
        32535         5563         2799         2911
        32836         5599         3150         2990
        33326         5621         2865         2942
        33555         5651         2744         2862
        33438         5704         2860         2793
        33873         5701         2907         2872
        34127         5772         2965         2888
        34448         5835         3185         3010
        34768         5826         2847         2945
        34940         5828         2968         2869
        35134         5874         3204         2967
        35487         5920         2887         2950
        35636         5886         3149         3056
        36104         5993         3157         3075
        36471         5973         3085         3131
        36746         6043         3139         2949
        36813         6072         2998         3012
        36797         6129         2991         3097
        37535         6126         2929         3181
        37401         6165         3209         2966
        37841         6227         3039         3117
        38062         6246         2926         3355
        38730         6212         3001         3149
        38651         6292         3365         3224
        39099         6327         3560         3139
        39388         6330         3357         3106
        39688         6406         3103         3101
        39786         6485         3669         3132
        39984         6413         3202         3279
        40677         6500         3075         3174
        40813         6523         3213         3283
        41080         6543         3322         3276
        41177         6685         3462         3572
        41970         6616         3503         3486
        42162         6608         3544         3422
        42461         6695         3137         3237
        41982         6703         2987         3558
        42773         6765         3847         3427
        43159         6791         3389         3438
        42883         6814         3326         3304
        43309         6823         3438         3263
        43940         6854         3763         3455
        44481         6870         3280         3315
        44637         6927         3426         3395
        44605         6972         3376         3704
        45473         7036         3329         3641
        45605         6996         3301         3500
        45833         7084         3922         3397
        45769         7079         3751         3229
        46129         7159         3537         3487
        46761         7197         3434         3513
        47128         7231         3424         3509
        47399         7231         3402         3508
        47641         7309         3514         3622
        48082         7349         3524         3394
        48208         7334         3453         4059
        49089         7379         3336         3334
        48680         7424         3525         4009
        49752         7431         3553         4218
        49608         7448         3525         3379
        49439         7524         3816         3592
        50202         7530         3652         3945
        50850         7554         3788         3428
        50700         7638         3665         3776
        51011         7662         3736         3978
        51702         7646         3648         3650
        51735         7696         3820         3688
        52051         7750         4130         4081
        52843         7742         3658         4252
        52865         7857         4033         3973
        53050         7832         4612         3664
        53428         7903         3938         3724
        53510         7902         3802         3970
        53995         7950         4281         3968
        54536         8056         3726         3720
        54130         8011         3835         3910
        55204         8040         3927         3945
        55611         8038         4170         3969
        55944         8070         4017         3693
        56004         8142         3991         4420
        56899         8232         3899         3885
        56509         8217         3992         3753
        57009         8208         3960         4113
        57696         8294         4331         4236
        57727         8319         3914         4003
        57910         8323         3875         3859
        58174         8322         3961         3972
        58765         8413         4319         4168
        59193         8455         4106         4188
        59721         8528         4096         4323
        59140         8497         3922         4060
        60249         8538         3869         3976
        60586         8569         4269         4175
        60828         8649         4212         4347
        60692         8660         4082         3915
        61479         8651         4463         4229
        61419         8666         4227         4091
        62366         8751         4048         4225
        62413         8776         4113         4036
        62171         8821         4365         4357
        63262         8820         4042         4191
        62886         8863         3915         4062
        63058         8882         4107         4311
        64623         8938         4008         4130
        64820         8961         4331         4171
        65141         9005         4707         4263
        64985         9053         4277         4298
        64589         9065         4676         4332
        66250         9087         4577         4247
        66167         9156         4506         4392
        66486         9219         4491         4190
        67365         9255         4316         4276
        67444         9285         4578         4613
        68081         9319         4731         4282
        68498         9316         4370         4234
        68326         9371         4988         4397
        69101         9387         4670         4512
        69682         9445         4404         4185
        69852         9479         4411         4407
        70302         9531         4306         4371
        70611         9559         4466         5438
        71530         9578         4264         4438
        71274         9630         4428         4648
        71798         9672         4462         4499
        72224         9683         4597         4464
        72624         9722         4286         5059
        73099         9682         4662         4495
        72973         9754         5036         4539
        73356         9791         4584         5026
        74452         9819         4573         4460
        74480         9847         4445         4496
        74891         9860         4749         4724
        75369         9935         4660         4513
        75466         9937         4618         4918
        76198        10037         4557         4521
        76521        10098         5045         4444
        76714        10052         4825         4488
        77214        10060         4612         5573
        78621        10101         4874         4934
        78217        10231         4626         4609
        78358        10244         4707         5097
        79102        10247         4905         4948
        79548        10244         5335         4786
        79773        10312         4632         4772
        80232        10394         4954         4847
        80701        10361         4658         5100
        80939        10426         5316         5222
        81362        10475         4868         4653
        81405        10508         4887         5407
        82783        10531         5186         4821
        82531        10552         5380         4967
        82877        10610         4872         4664
        82640        10659         4959         5153
        84120        10728         4777         5081
        83741        10654         5174         4942
        84606        10736         5144         4917
        84556        10821         4851         5483
        86018        10862         5137         4971
        85838        10826         4908         4839
        86125        10924         5346         5250
        87060        10977         5478         5061
        87261        10950         5499         5780
        88248        11000         5876         4907
        87194        10954         4840         4932
        88323        11076         5412         4905
        88344        11122         5091         5085
        88745        11150         5373         5329
        89215        11134         4951         5006
        89874        11187         5391         5058
        89603        11264         5327         5168
        90722        11265         5243         5253
        90832        11362         5044         5928
        92258        11369         5436         5467
        92295        11324         5289         5157
        92403        11410         5364         5097
        92982        11501         5072         5297
        93407        11480         5264         5458
        93964        11454         4988         5782
        94944        11593         5031         6196
        95619        11650         5700         5950
        95914        11727         5921         5376
        95856        11627         5289         4917
        95403        11682         5658         5991
        96508        11730         5217         5666
        97471        11665         5200         5794
        97819        11834         5594         5213
        97823        11818         5511         5428
        98479        11885         5425         5107
        97732        11921         5470         5429
        99335        11954         5204         5891
       100285        12041         5519         5309
        99761        12007         5471         5239
       100427        12182         5445         5729
       101026        12117         5408         5367
       101487        12108         6075         5458
       101785        12157         5210         5786
       102616        12241         5819         5666
       103007        12228         5274         6366
       103891        12206         5657         5504
       103472        12306         5258         5319
       103989        12399         5775         5660
       104595        12404         5758         5852
       105323        12502         6167         6038
       105935        12489         5892         6422
       106673        12473         5481         5418
       105267        12573         5687         5632
       107062        12579         6055         5660
       107565        12627         5793         5733
       108056        12733         6082         5612
       107915        12623         5508         6011
       108918        12643         5912         5659
       108696        12780         5772         5848
       109341        12767         5652         6255
       109732        12758         6236         5659
       110517        12827         5524         5499
       110718        12911         5907         5988
       111072        12948         6313         5965
       112441        12998         5948         5773
       111598        12961         6082         5688
       112999        12982         6200         5783
       113387        13003         5859         5515
       113755        13092         6209         5999
       114755        13138         5915         6503
       115456        13184         6515         6006
       115191        13240         6147         6037
       116062        13196         5600         5912
       116552        13325         6077         6442
       116737        13404         5987         6064
       117286        13383         5968         5938
       117934        13490         6010         6028
       118558        13424         5886         6534
       119056        13519         5931         6207
       119067        13507         6060         6227
       119564        13562         6131         6113
       120489        13567         6412         5722
       120529        13616         7069         6013
       121300        13759         6193         6027
       121282        13757         6180         5748
       121920        13822         5804         7382
       123772        13784         6774         6593
       123297        13834         5802         6084
       122286        13825         6010         6046
       124062        13889         6421         5958
       124681        13906         6162         6334
       125272        14026         6090         6010
       124384        14031         6280         6063
       125830        13977         6229         6189
       126309        14077         6472         6433
       127521        14098         6700         6473
       127809        14206         6474         7008
       129237        14177         6198         6306
       128325        14253         6067         6089
       128604        14270         7033         6221
       129509        14314         7063         6676
       130924        14369         6711         7005

