            5            9           11           19           19
            6           31           18           26           22
            7           43           22           34           39
            8           67           33           37           41
            9           74           38           43           49
           10           84           49           56           58
           11          103           60           63           54
           12          119           63           63           65
           13          143           75           67           79
           14          169           83           71           86
           15          190           88           93          107
           16          226          100          104           90
           17          223          111          101          104
           18          242          124          107          108
           19          276          136          139          139
           20          319          146          137          126
           21          315          156          135          134
           22          355          179          151          136
           23          383          188          146          152
           24          428          191          170          159
           25          453          200          179          170
           26          489          224          184          177
           27          522          235          185          188
           28          500          248          211          202
           29          607          263          188          204

