0.00 3.906891
0.01 3.906891
0.02 3.906891
0.03 4.473048
0.04 4.558652
0.05 4.656213
0.06 4.656213
0.07 4.686582
0.08 4.656213
0.09 4.656213
0.10 4.686582
0.11 4.753774
0.12 4.753774
0.13 4.735362
0.14 4.686582
0.15 4.784143
0.16 4.900116
0.17 4.900116
0.18 4.900116
0.19 4.900116
0.20 4.948896
0.21 4.948896
0.22 5.568457
0.23 5.671904
0.24 5.670934
0.25 5.721857
0.26 5.768991
0.27 5.818694
0.28 5.833603
0.29 5.961945
0.30 5.993451
0.31 5.993451
0.32 6.086749
0.33 6.078450
0.34 6.085779
0.35 6.054273
0.36 6.124614
0.37 6.131943
0.38 6.140242
0.39 6.140242
0.40 6.198494
0.41 6.217912
0.42 6.314999
0.43 6.295581
0.44 6.249418
0.45 6.249418
0.46 6.230000
0.47 6.249418
0.48 6.407327
0.49 6.407327
0.50 6.465579
0.51 6.472908
0.52 6.414656
0.53 6.294302
0.54 6.294302
0.55 6.249418
0.56 6.249418
0.57 6.295581
0.58 6.314999
0.59 6.217912
0.60 6.198494
0.61 6.140242
0.62 6.140242
0.63 6.131943
0.64 6.124614
0.65 6.054273
0.66 6.085779
0.67 6.078450
0.68 6.086749
0.69 5.993451
0.70 5.993451
0.71 5.961945
0.72 5.833603
0.73 5.818694
0.74 5.768991
0.75 5.721857
0.76 5.670934
0.77 5.671904
0.78 5.568457
0.79 4.948896
0.80 4.948896
0.81 4.900116
0.82 4.900116
0.83 4.900116
0.84 4.900116
0.85 4.784143
0.86 4.686582
0.87 4.735362
0.88 4.753774
0.89 4.753774
0.90 4.686582
0.91 4.656213
0.92 4.656213
0.93 4.686582
0.94 4.656213
0.95 4.656213
0.96 4.558652
0.97 4.473048
0.98 3.906891
0.99 3.906891
1.00 3.906891
