20000 0.732493
40000 0.733086
60000 0.733086
80000 0.733086
100000 0.733086
120000 0.733086
140000 0.733086
160000 0.733086
180000 0.733086
200000 0.733086
220000 0.733086
240000 0.733086
260000 0.733086
280000 0.733086
300000 0.733086
320000 0.733086
340000 0.733086
360000 0.733086
380000 0.733086
400000 0.733086
420000 0.733086
440000 0.733086
460000 0.733086
480000 0.733086
500000 0.733086
520000 0.733086
540000 0.733086
560000 0.733086
580000 0.733086
600000 0.733086
620000 0.733086
640000 0.733086
660000 0.733086
680000 0.733086
700000 0.733086
720000 0.733086
740000 0.733086
760000 0.733086
780000 0.733086
800000 0.733086
820000 0.733086
840000 0.733086
860000 0.733086
880000 0.733086
900000 0.733086
920000 0.733086
940000 0.733086
960000 0.733086
980000 0.733086
1000000 0.733086
