20000 0.223086
40000 0.333086
60000 0.333086
80000 0.333086
100000 0.333086
120000 0.333086
140000 0.333086
160000 0.333086
180000 0.333086
200000 0.333086
220000 0.333086
240000 0.333086
260000 0.333086
280000 0.333086
300000 0.333086
320000 0.333086
340000 0.333086
360000 0.333086
380000 0.333086
400000 0.333086
420000 0.333086
440000 0.333086
460000 0.333086
480000 0.333086
500000 0.333086
520000 0.333086
540000 0.333086
560000 0.333086
580000 0.333086
600000 0.333086
620000 0.333086
640000 0.333086
660000 0.333086
680000 0.333086
700000 0.333086
720000 0.333086
740000 0.333086
760000 0.333086
780000 0.333086
800000 0.333086
820000 0.333086
840000 0.333086
860000 0.333086
880000 0.333086
900000 0.333086
920000 0.333086
940000 0.333086
960000 0.333086
980000 0.333086
1000000 0.333086

