100000 10753
200000 10753
300000 10753
400000 10753
500000 10753
600000 10753
700000 10753
800000 10753
900000 10753
1000000 10753
1100000 10753
1200000 10753
1300000 10753
1400000 10753
1500000 10753
1600000 10753
1700000 10753
1800000 10753
1900000 10753
2000000 10753
2100000 10753
2200000 10753
2300000 10753
2400000 10753
2500000 10753
2600000 10753
2700000 10753
2800000 10753
2900000 10753
3000000 10753
3100000 10753
3200000 10753
3300000 10753
3400000 10753
3500000 10753
3600000 10753
3700000 10753
3800000 10753
3900000 10753

