100 0.740090
101 0.740072
102 0.740066
103 0.740063
104 0.740062
105 0.740060
106 0.740060
107 0.740059
108 0.740058
109 0.740058
110 0.740058
111 0.740057
112 0.740057
113 0.740057
114 0.740057
115 0.740057
116 0.740057
117 0.740056
118 0.740056
119 0.740056
120 0.740056
121 0.740056
122 0.740056
123 0.740056
124 0.740056
125 0.740056
126 0.740056
127 0.740056
128 0.740056
129 0.740056
130 0.740056
131 0.740056
132 0.740056
133 0.740056
134 0.740056
135 0.740055
136 0.740055
137 0.740055
138 0.740055
139 0.740055
140 0.740055
141 0.740055
142 0.740055
143 0.740055
144 0.740055
145 0.740055
146 0.740055
147 0.740055
148 0.740055
149 0.740055
150 0.740055
151 0.740055
152 0.740055
153 0.740055
154 0.740055
155 0.740055
156 0.740055
157 0.740055
158 0.740055
159 0.740055
160 0.740055
161 0.740055
162 0.740055
163 0.740055
164 0.740055
165 0.740055
166 0.740055
167 0.740055
168 0.740055
169 0.740055
170 0.740055
171 0.740055
172 0.740055
173 0.740055
174 0.740055
175 0.740055
176 0.740055
177 0.740055
178 0.740055
179 0.740055
180 0.740055
181 0.740055
182 0.740055
183 0.740055
184 0.740055
185 0.740055
186 0.740055
187 0.740055
188 0.740055
189 0.740055
190 0.740055
191 0.740055
192 0.740055
193 0.740055
194 0.740055
195 0.740055
196 0.740055
197 0.740055
198 0.740055
199 0.740055
200 0.740055
201 0.740055
202 0.740055
203 0.740055
204 0.740055
205 0.740055
206 0.740055
207 0.740055
208 0.740055
209 0.740055
210 0.740055
211 0.740055
212 0.740055
213 0.740055
214 0.740055
215 0.740055
216 0.740055
217 0.740055
218 0.740055
219 0.740055
220 0.740055
221 0.740055
222 0.740055
223 0.740055
224 0.740055
225 0.740055
226 0.740055
227 0.740055
228 0.740055
229 0.740055
230 0.740055
231 0.740055
232 0.740055
233 0.740055
234 0.740055
235 0.740055
236 0.740055
237 0.740055
238 0.740055
239 0.740055
240 0.740055
241 0.740055
242 0.740055
243 0.740055
244 0.740055
245 0.740055
246 0.740055
247 0.740055
248 0.740055
249 0.740055
250 0.740055
251 0.740055
252 0.740055
253 0.740055
254 0.740055
255 0.740055
256 0.740055
257 0.740055
258 0.740055
259 0.740055
260 0.740055
261 0.740055
262 0.740055
263 0.740055
264 0.740055
265 0.740055
266 0.740055
267 0.740055
268 0.740055
269 0.740055
270 0.740055
271 0.740055
272 0.740055
273 0.740055
274 0.740055
275 0.740055
276 0.740055
277 0.740055
278 0.740055
279 0.740055
280 0.740055
281 0.740055
282 0.740055
283 0.740055
284 0.740055
285 0.740055
286 0.740055
287 0.740055
288 0.740055
289 0.740055
290 0.740055
291 0.740055
292 0.740055
293 0.740055
294 0.740055
295 0.740055
296 0.740055
297 0.740055
298 0.740055
299 0.740055
300 0.740055
301 0.740055
302 0.740055
303 0.740055
304 0.740055
305 0.740055
306 0.740055
307 0.740055
308 0.740055
309 0.740055
310 0.740055
311 0.740055
312 0.740055
313 0.740055
314 0.740055
315 0.740055
316 0.740055
317 0.740055
318 0.740055
319 0.740055
320 0.740055
321 0.740055
322 0.740055
323 0.740055
324 0.740055
325 0.740055
326 0.740055
327 0.740055
328 0.740055
329 0.740055
330 0.740055
331 0.740055
332 0.740055
333 0.740055
334 0.740055
335 0.740055
336 0.740055
337 0.740055
338 0.740055
339 0.740055
340 0.740055
341 0.740055
342 0.740055
343 0.740055
344 0.740055
345 0.740055
346 0.740055
347 0.740055
348 0.740055
349 0.740055
350 0.740055
351 0.740055
352 0.740055
353 0.740055
354 0.740055
355 0.740055
356 0.740055
357 0.740055
358 0.740055
359 0.740055
360 0.740055
361 0.740055
362 0.740055
363 0.740055
364 0.740055
365 0.740055
366 0.740055
367 0.740055
368 0.740055
369 0.740055
370 0.740055
371 0.740055
372 0.740055
373 0.740055
374 0.740055
375 0.740055
376 0.740055
377 0.740055
378 0.740055
379 0.740055
380 0.740055
381 0.740055
382 0.740055
383 0.740055
384 0.740055
385 0.740055
386 0.740055
387 0.740055
388 0.740055
389 0.740055
390 0.740055
391 0.740055
392 0.740055
393 0.740055
394 0.740055
395 0.740055
396 0.740055
397 0.740055
398 0.740055
399 0.740055
400 0.740055
401 0.740055
402 0.740055
403 0.740055
404 0.740055
405 0.740055
406 0.740055
407 0.740055
408 0.740055
409 0.740055
410 0.740055
411 0.740055
412 0.740055
413 0.740055
414 0.740055
415 0.740055
416 0.740055
417 0.740055
418 0.740055
419 0.740055
420 0.740055
421 0.740055
422 0.740055
423 0.740055
424 0.740055
425 0.740055
426 0.740055
427 0.740055
428 0.740055
429 0.740055
430 0.740055
431 0.740055
432 0.740055
433 0.740055
434 0.740055
435 0.740055
436 0.740055
437 0.740055
438 0.740055
439 0.740055
440 0.740055
441 0.740055
442 0.740055
443 0.740055
444 0.740055
445 0.740055
446 0.740055
447 0.740055
448 0.740055
449 0.740055
450 0.740055
451 0.740055
452 0.740055
453 0.740055
454 0.740055
455 0.740055
456 0.740055
457 0.740055
458 0.740055
459 0.740055
460 0.740055
461 0.740055
462 0.740055
463 0.740055
464 0.740055
465 0.740055
466 0.740055
467 0.740055
468 0.740055
469 0.740055
470 0.740055
471 0.740055
472 0.740055
473 0.740055
474 0.740055
475 0.740055
476 0.740055
477 0.740055
478 0.740055
479 0.740055
480 0.740055
481 0.740055
482 0.740055
483 0.740055
484 0.740055
485 0.740055
486 0.740055
487 0.740055
488 0.740055
489 0.740055
490 0.740055
491 0.740055
492 0.740055
493 0.740055
494 0.740055
495 0.740055
496 0.740055
497 0.740055
498 0.740055
499 0.740055
500 0.740055
501 0.740055
502 0.740055
503 0.740055
504 0.740055
505 0.740055
506 0.740055
507 0.740055
508 0.740055
509 0.740055
510 0.740055
511 0.740055
512 0.740055
513 0.740055
514 0.740055
515 0.740055
516 0.740055
517 0.740055
518 0.740055
519 0.740055
520 0.740055
521 0.740055
522 0.740055
523 0.740055
524 0.740055
525 0.740055
526 0.740055
527 0.740055
528 0.740055
529 0.740055
530 0.740055
531 0.740055
532 0.740055
533 0.740055
534 0.740055
535 0.740055
536 0.740055
537 0.740055
538 0.740055
539 0.740055
540 0.740055
541 0.740055
542 0.740055
543 0.740055
544 0.740055
545 0.740055
546 0.740055
547 0.740055
548 0.740055
549 0.740055
550 0.740055
551 0.740055
552 0.740055
553 0.740055
554 0.740055
555 0.740055
556 0.740055
557 0.740055
558 0.740055
559 0.740055
560 0.740055
561 0.740055
562 0.740055
563 0.740055
564 0.740055
565 0.740055
566 0.740055
567 0.740055
568 0.740055
569 0.740055
570 0.740055
571 0.740055
572 0.740055
573 0.740055
574 0.740055
575 0.740055
576 0.740055
577 0.740055
578 0.740055
579 0.740055
580 0.740055
581 0.740055
582 0.740055
583 0.740055
584 0.740055
585 0.740055
586 0.740055
587 0.740055
588 0.740055
589 0.740055
590 0.740055
591 0.740055
592 0.740055
593 0.740055
594 0.740055
595 0.740055
596 0.740055
597 0.740055
598 0.740055
599 0.740055
600 0.740055
601 0.740055
602 0.740055
603 0.740055
604 0.740055
605 0.740055
606 0.740055
607 0.740055
608 0.740055
609 0.740055
610 0.740055
611 0.740055
612 0.740055
613 0.740055
614 0.740055
615 0.740055
616 0.740055
617 0.740055
618 0.740055
619 0.740055
620 0.740055
621 0.740055
622 0.740055
623 0.740055
624 0.740055
625 0.740055
626 0.740055
627 0.740055
628 0.740055
629 0.740055
630 0.740055
631 0.740055
632 0.740055
633 0.740055
634 0.740055
635 0.740055
636 0.740055
637 0.740055
638 0.740055
639 0.740055
640 0.740055
641 0.740055
642 0.740055
643 0.740055
644 0.740055
645 0.740055
646 0.740055
647 0.740055
648 0.740055
649 0.740055
650 0.740055
651 0.740055
652 0.740055
653 0.740055
654 0.740055
655 0.740055
656 0.740055
657 0.740055
658 0.740055
659 0.740055
660 0.740055
661 0.740055
662 0.740055
663 0.740055
664 0.740055
665 0.740055
666 0.740055
667 0.740055
668 0.740055
669 0.740055
670 0.740055
671 0.740055
672 0.740055
673 0.740055
674 0.740055
675 0.740055
676 0.740055
677 0.740055
678 0.740055
679 0.740055
680 0.740055
681 0.740055
682 0.740055
683 0.740055
684 0.740055
685 0.740055
686 0.740055
687 0.740055
688 0.740055
689 0.740055
690 0.740055
691 0.740055
692 0.740055
693 0.740055
694 0.740055
695 0.740055
696 0.740055
697 0.740055
698 0.740055
699 0.740055
700 0.740055
701 0.740055
702 0.740055
703 0.740055
704 0.740055
705 0.740055
706 0.740055
707 0.740055
708 0.740055
709 0.740055
710 0.740055
711 0.740055
712 0.740055
713 0.740055
714 0.740055
715 0.740055
716 0.740055
717 0.740055
718 0.740055
719 0.740055
720 0.740055
721 0.740055
722 0.740055
723 0.740055
724 0.740055
725 0.740055
726 0.740055
727 0.740055
728 0.740055
729 0.740055
730 0.740055
731 0.740055
732 0.740055
733 0.740055
734 0.740055
735 0.740055
736 0.740055
737 0.740055
738 0.740055
739 0.740055
740 0.740055
741 0.740055
742 0.740055
743 0.740055
744 0.740055
745 0.740055
746 0.740055
747 0.740055
748 0.740055
749 0.740055
750 0.740055
751 0.740055
752 0.740055
753 0.740055
754 0.740055
755 0.740055
756 0.740055
757 0.740055
758 0.740055
759 0.740055
760 0.740055
761 0.740055
762 0.740055
763 0.740055
764 0.740055
765 0.740055
766 0.740055
767 0.740055
768 0.740055
769 0.740055
770 0.740055
771 0.740055
772 0.740055
773 0.740055
774 0.740055
775 0.740055
776 0.740055
777 0.740055
778 0.740055
779 0.740055
780 0.740055
781 0.740055
782 0.740055
783 0.740055
784 0.740055
785 0.740055
786 0.740055
787 0.740055
788 0.740055
789 0.740055
790 0.740055
791 0.740055
792 0.740055
793 0.740055
794 0.740055
795 0.740055
796 0.740055
797 0.740055
798 0.740055
799 0.740055
800 0.740055
801 0.740055
802 0.740055
803 0.740055
804 0.740055
805 0.740055
806 0.740055
807 0.740055
808 0.740055
809 0.740055
810 0.740055
811 0.740055
812 0.740055
813 0.740055
814 0.740055
815 0.740055
816 0.740055
817 0.740055
818 0.740055
819 0.740055
820 0.740055
821 0.740055
822 0.740055
823 0.740055
824 0.740055
825 0.740055
826 0.740055
827 0.740055
828 0.740055
829 0.740055
830 0.740055
831 0.740055
832 0.740055
833 0.740055
834 0.740055
835 0.740055
836 0.740055
837 0.740055
838 0.740055
839 0.740055
840 0.740055
841 0.740055
842 0.740055
843 0.740055
844 0.740055
845 0.740055
846 0.740055
847 0.740055
848 0.740055
849 0.740055
850 0.740055
851 0.740055
852 0.740055
853 0.740055
854 0.740055
855 0.740055
856 0.740055
857 0.740055
858 0.740055
859 0.740055
860 0.740055
861 0.740055
862 0.740055
863 0.740055
864 0.740055
865 0.740055
866 0.740055
867 0.740055
868 0.740055
869 0.740055
870 0.740055
871 0.740055
872 0.740055
873 0.740055
874 0.740055
875 0.740055
876 0.740055
877 0.740055
878 0.740055
879 0.740055
880 0.740055
881 0.740055
882 0.740055
883 0.740055
884 0.740055
885 0.740055
886 0.740055
887 0.740055
888 0.740055
889 0.740055
890 0.740055
891 0.740055
892 0.740055
893 0.740055
894 0.740055
895 0.740055
896 0.740055
897 0.740055
898 0.740055
899 0.740055
900 0.740055
901 0.740055
902 0.740055
903 0.740055
904 0.740055
905 0.740055
906 0.740055
907 0.740055
908 0.740055
909 0.740055
910 0.740055
911 0.740055
912 0.740055
913 0.740055
914 0.740055
915 0.740055
916 0.740055
917 0.740055
918 0.740055
919 0.740055
920 0.740055
921 0.740055
922 0.740055
923 0.740055
924 0.740055
925 0.740055
926 0.740055
927 0.740055
928 0.740055
929 0.740055
930 0.740055
931 0.740055
932 0.740055
933 0.740055
934 0.740055
935 0.740055
936 0.740055
937 0.740055
938 0.740055
939 0.740055
940 0.740055
941 0.740055
942 0.740055
943 0.740055
944 0.740055
945 0.740055
946 0.740055
947 0.740055
948 0.740055
949 0.740055
950 0.740055
951 0.740055
952 0.740055
953 0.740055
954 0.740055
955 0.740055
956 0.740055
957 0.740055
958 0.740055
959 0.740055
960 0.740055
961 0.740055
962 0.740055
963 0.740055
964 0.740055
965 0.740055
966 0.740055
967 0.740055
968 0.740055
969 0.740055
970 0.740055
971 0.740055
972 0.740055
973 0.740055
974 0.740055
975 0.740055
976 0.740055
977 0.740055
978 0.740055
979 0.740055
980 0.740055
981 0.740055
982 0.740055
983 0.740055
984 0.740055
985 0.740055
986 0.740055
987 0.740055
988 0.740055
989 0.740055
990 0.740055
991 0.740055
992 0.740055
993 0.740055
994 0.740055
995 0.740055
996 0.740055
997 0.740055
998 0.740055
999 0.740055
