1 106261265
2 159389330
3 194809326
4 221371079
5 242623371
6 260337091
7 275514980
8 288797288
9 300601415
10 311229981
11 320888065
12 329742823
13 337914527
14 345503403
15 352588505
16 359230298
17 365477695
18 371379640
19 376972246
20 382288006
21 387346316
22 392176045
23 396798556
24 401231067
25 405483889
26 409569701
27 413505359
28 417298308
29 420961247
30 424505881
31 427936061
32 431259610
33 434478386
34 437604447
35 440640913
36 443592998
37 446463742
38 449259350
39 451982659
40 454639975
41 457229969
42 459759205
43 462230382
44 464644637
45 467009916
46 469323285
47 471585179
48 473801062
49 475967979
50 478095415
51 480178585
52 482221571
53 484226255
54 486194587
55 488126780
56 490023108
57 491886207
58 493717540
59 495519392
60 497292131
61 499033316
62 500748221
63 502435070
64 504096158
65 505730668
66 507340952
67 508926409
68 510489237
69 512030225
70 513549160
71 515045115
72 516522108
73 517977448
74 519412923
75 520831989
76 522229390
77 523609377
78 524971658
79 526317079
80 527646973
81 528959357
82 530254795
83 531537735
84 532801434
85 534050390
86 535285951
87 536507791
88 537715425
89 538911138
90 540094187
91 541260885
92 542417338
93 543561541
94 544692544
95 545810512
96 546920085
97 548016515
98 549100100
99 550173756
100 551237378
101 552290031
102 553332589
103 554366838
104 555387794
105 556399917
106 557403719
107 558397470
108 559381735
109 560357003
110 561324516
111 562281114
112 563228849
113 564169418
114 565100230
115 566025385
116 566941106
117 567848932
118 568749979
119 569642750
120 570529884
121 571407173
122 572277916
123 573143110
124 574000775
125 574852093
126 575696160
127 576532842
128 577364086
129 578187850
130 579005833
131 579816421
132 580620294
133 581418376
134 582211854
135 583000681
136 583783055
137 584557801
138 585329361
139 586094166
140 586853060
141 587606711
142 588354927
143 589097098
144 589835315
145 590567828
146 591295840
147 592018819
148 592738087
149 593450642
150 594159957
151 594865448
152 595564073
153 596259019
154 596948967
155 597635547
156 598316459
157 598993437
158 599666417
159 600335197
160 601000677
161 601660746
162 602317374
163 602969503
164 603618161
165 604263057
166 604905249
167 605542764
168 606175638
169 606803001
170 607428314
171 608049629
172 608667319
173 609280755
174 609891590
175 610499805
176 611103409
177 611704212
178 612302469
179 612896253
180 613488256
181 614074986
182 614658340
183 615238586
184 615816329
185 616391363
186 616962677
187 617531068
188 618096205
189 618658446
190 619217444
191 619773683
192 620328141
193 620878585
194 621426706
195 621971148
196 622512974
197 623051972
198 623588350
199 624121886
200 624653701
201 625182995
202 625709860
203 626232651
204 626754204
205 627273376
206 627790421
207 628303793
208 628814849
209 629324103
210 629830955
211 630334092
212 630835776
213 631333370
214 631830281
215 632324541
216 632816902
217 633307155
218 633793847
219 634278999
220 634762811
221 635243388
222 635722001
223 636198203
224 636672820
225 637146672
226 637617460
227 638084948
228 638550713
229 639014813
230 639477731
231 639937320
232 640395575
233 640852084
234 641305847
235 641757531
236 642208093
237 642656438
238 643103079
239 643546704
240 643991213
241 644430468
242 644869039
243 645305803
244 645741140
245 646174731
246 646607254
247 647036160
248 647464872
249 647892495
250 648318361
251 648742716
252 649165308
253 649585523
254 650004122
255 650420357
256 650836250
257 651249866
258 651661673
259 652071458
260 652480744
261 652887547
262 653293008
263 653696446
264 654098432
265 654499612
266 654898165
267 655297442
268 655693639
269 656089269
270 656484240
271 656875896
272 657267525
273 657655704
274 658044239
275 658430622
276 658816425
277 659199997
278 659582531
279 659963645
280 660343096
281 660721426
282 661098124
283 661474126
284 661848227
285 662220490
286 662591549
287 662960644
288 663330332
289 663697397
290 664063443
291 664428415
292 664792037
293 665154904
294 665516456
295 665876509
296 666236240
297 666595372
298 666951591
299 667307648
300 667662163
301 668014437
302 668367148
303 668717773
304 669067572
305 669415619
306 669763151
307 670110460
308 670455034
309 670799582
310 671142936
311 671484577
312 671825979
313 672166050
314 672505102
315 672843708
316 673180067
317 673515899
318 673850768
319 674183759
320 674516034
321 674847762
322 675178046
323 675507267
324 675835375
325 676161886
326 676488681
327 676813813
328 677137674
329 677461695
330 677784729
331 678105042
332 678426208
333 678745225
334 679063971
335 679381216
336 679697454
337 680013174
338 680326946
339 680640689
340 680952950
341 681264590
342 681574813
343 681884146
344 682192961
345 682501645
346 682808038
347 683114812
348 683419937
349 683724457
350 684028829
351 684332768
352 684634447
353 684935580
354 685236108
355 685535841
356 685835129
357 686133359
358 686430327
359 686726289
360 687022725
361 687317057
362 687610516
363 687903481
364 688195406
365 688485896
366 688775778
367 689065000
368 689353939
369 689642374
370 689929981
371 690216193
372 690501877
373 690786728
374 691071435
375 691355112
376 691637750
377 691919622
378 692201266
379 692481799
380 692760996
381 693040510
382 693318428
383 693595920
384 693874106
385 694150274
386 694425669
387 694700137
388 694974910
389 695248398
390 695520892
391 695792607
392 696062963
393 696332855
394 696603279
395 696872797
396 697140871
397 697407893
398 697674833
399 697941054
400 698206456
401 698471577
402 698736244
403 699000776
404 699264645
405 699528041
406 699789923
407 700051360
408 700312818
409 700572913
410 700832664
411 701090996
412 701349166
413 701606635
414 701863418
415 702120022
416 702375469
417 702630725
418 702885010
419 703138396
420 703391670
421 703644224
422 703895746
423 704146713
424 704397491
425 704647660
426 704896837
427 705145620
428 705394726
429 705641757
430 705889178
431 706135736
432 706381507
433 706627270
434 706872429
435 707116890
436 707360683
437 707604373
438 707846985
439 708089488
440 708331568
441 708572830
442 708813353
443 709053614
444 709292800
445 709532724
446 709771191
447 710008946
448 710245944
449 710483352
450 710720200
451 710955352
452 711190425
453 711425314
454 711659494
455 711892704
456 712125574
457 712358622
458 712591230
459 712822817
460 713053825
461 713284298
462 713514137
463 713744008
464 713972545
465 714201608
466 714430689
467 714658433
468 714885395
469 715111140
470 715336800
471 715562335
472 715787717
473 716011828
474 716236437
475 716459699
476 716682825
477 716905955
478 717128091
479 717349946
480 717573167
481 717794606
482 718014094
483 718234063
484 718453537
485 718673216
486 718891474
487 719110030
488 719328381
489 719545416
490 719762801
491 719980332
492 720197219
493 720412993
494 720627103
495 720842043
496 721056241
497 721270459
498 721484381
499 721696862
500 721910028
501 722122249
502 722334639
503 722545659
504 722757771
505 722968455
506 723178458
507 723387415
508 723596944
509 723805555
510 724014064
511 724222204
512 724430482
513 724637946
514 724845035
515 725052363
516 725258076
517 725463416
518 725668494
519 725873468
520 726078062
521 726281918
522 726485200
523 726688677
524 726891269
525 727093894
526 727295929
527 727497039
528 727698098
529 727899002
530 728099819
531 728300855
532 728499958
533 728699376
534 728899540
535 729097879
536 729296486
537 729495021
538 729693338
539 729889820
540 730087094
541 730283520
542 730479412
543 730675087
544 730870986
545 731065936
546 731260412
547 731454472
548 731648428
549 731842392
550 732035842
551 732228563
552 732421304
553 732613450
554 732805405
555 732997338
556 733189246
557 733379844
558 733570176
559 733760161
560 733949559
561 734138458
562 734327450
563 734515546
564 734703566
565 734892036
566 735080281
567 735267453
568 735454860
569 735641210
570 735827308
571 736013704
572 736199264
573 736384173
574 736568705
575 736753757
576 736938976
577 737123495
578 737307068
579 737490059
580 737673212
581 737856997
582 738039255
583 738222230
584 738404076
585 738585831
586 738767194
587 738948120
588 739128849
589 739309235
590 739489360
591 739668743
592 739848799
593 740027723
594 740207341
595 740385697
596 740563909
597 740742088
598 740920306
599 741098070
600 741275326
601 741451694
602 741627267
603 741803739
604 741979812
605 742154356
606 742329738
607 742504907
608 742679784
609 742854614
610 743028989
611 743203089
612 743376904
613 743550787
614 743724700
615 743898261
616 744070804
617 744243267
618 744415883
619 744587807
620 744759609
621 744931174
622 745102234
623 745272561
624 745443207
625 745613797
626 745784231
627 745953946
628 746123306
629 746291642
630 746461491
631 746630037
632 746798020
633 746966097
634 747133911
635 747301650
636 747469450
637 747636288
638 747803011
639 747968418
640 748134906
641 748300206
642 748465970
643 748631251
644 748796405
645 748961434
646 749125878
647 749289801
648 749454350
649 749617519
650 749780925
651 749944261
652 750107515
653 750270410
654 750432473
655 750594540
656 750756589
657 750917898
658 751080198
659 751241874
660 751403222
661 751564697
662 751725288
663 751885805
664 752046518
665 752205584
666 752365006
667 752524776
668 752684140
669 752843427
670 753002567
671 753160681
672 753319398
673 753476802
674 753635133
675 753793208
676 753950205
677 754107053
678 754264230
679 754421457
680 754577894
681 754734134
682 754890197
683 755046078
684 755201429
685 755356114
686 755511013
687 755666308
688 755820751
689 755974059
690 756128410
691 756281765
692 756435071
693 756588570
694 756741892
695 756895248
696 757048042
697 757200312
698 757352548
699 757504741
700 757656754
701 757808405
702 757960421
703 758112151
704 758262514
705 758413434
706 758563966
707 758714310
708 758864519
709 759014604
710 759164832
711 759314201
712 759464115
713 759614346
714 759763545
715 759911990
716 760060620
717 760208428
718 760356555
719 760504677
720 760652984
721 760801008
722 760948635
723 761095090
724 761241543
725 761388242
726 761534821
727 761681369
728 761827356
729 761972763
730 762117649
731 762262924
732 762407865
733 762552498
734 762697568
735 762841977
736 762986582
737 763131375
738 763275844
739 763419714
740 763563909
741 763706692
742 763850489
743 763993228
744 764136283
745 764278573
746 764421077
747 764563390
748 764705539
749 764847230
750 764989569
751 765131039
752 765271546
753 765413257
754 765554386
755 765695677
756 765836877
757 765977565
758 766118146
759 766258220
760 766397621
761 766537414
762 766677153
763 766816552
764 766954810
765 767094448
766 767233647
767 767371440
768 767510851
769 767649388
770 767787774
771 767925910
772 768063570
773 768200934
774 768337998
775 768475243
776 768612534
777 768748951
778 768885630
779 769022682
780 769158891
781 769294525
782 769430361
783 769565734
784 769700779
785 769835813
786 769971202
787 770106883
788 770242274
789 770376988
790 770512393
791 770646280
792 770780363
793 770914403
794 771048279
795 771182911
796 771316240
797 771450009
798 771582647
799 771715521
800 771848573
801 771981351
802 772114014
803 772246223
804 772378350
805 772510796
806 772643357
807 772775138
808 772907231
809 773038390
810 773170587
811 773301644
812 773432454
813 773563020
814 773693543
815 773823915
816 773954687
817 774084849
818 774214901
819 774344652
820 774474272
821 774604177
822 774733814
823 774863179
824 774991977
825 775121289
826 775250338
827 775379006
828 775507492
829 775636805
830 775765376
831 775893410
832 776020673
833 776148289
834 776275777
835 776403227
836 776530827
837 776657955
838 776784531
839 776910953
840 777037767
841 777164055
842 777290100
843 777415924
844 777541977
845 777667219
846 777792951
847 777918298
848 778043874
849 778169030
850 778294341
851 778419813
852 778544402
853 778668906
854 778793588
855 778917617
856 779042568
857 779166429
858 779290056
859 779413472
860 779537513
861 779660811
862 779784442
863 779907303
864 780030597
865 780153129
866 780276070
867 780398622
868 780521415
869 780643036
870 780765260
871 780886794
872 781008366
873 781130719
874 781252334
875 781374397
876 781495523
877 781616649
878 781737956
879 781858721
880 781980041
881 782099847
882 782220771
883 782341028
884 782461097
885 782581862
886 782701961
887 782821932
888 782941997
889 783061361
890 783181659
891 783301517
892 783421027
893 783540176
894 783659690
895 783778815
896 783897419
897 784016007
898 784134973
899 784253532
900 784372167
901 784489984
902 784607735
903 784725344
904 784842869
905 784960229
906 785077507
907 785195004
908 785312228
909 785429385
910 785546036
911 785662244
912 785778922
913 785896297
914 786012677
915 786128730
916 786244973
917 786360684
918 786476842
919 786592442
920 786708000
921 786824109
922 786939408
923 787055169
924 787169607
925 787284706
926 787399653
927 787514112
928 787628669
929 787743372
930 787857818
931 787971190
932 788085455
933 788199419
934 788313627
935 788427119
936 788540682
937 788654966
938 788767801
939 788880927
940 788993821
941 789107036
942 789220107
943 789333353
944 789446389
945 789558979
946 789671032
947 789783612
948 789895731
949 790007704
950 790119317
951 790231060
952 790343068
953 790454976
954 790567028
955 790678150
956 790788890
957 790899985
958 791010905
959 791121799
960 791233264
961 791343840
962 791454244
963 791565077
964 791674830
965 791785296
966 791895513
967 792005475
968 792115791
969 792225688
970 792335432
971 792444275
972 792553477
973 792662956
974 792772516
975 792881264
976 792990390
977 793099590
978 793208319
979 793316766
980 793425544
981 793534153
982 793642784
983 793751540
984 793859772
985 793967738
986 794075477
987 794183646
988 794290607
989 794398208
990 794505603
991 794612031
992 794719195
993 794825771
994 794933022
995 795039816
996 795147048
997 795253877
998 795360107
999 795466521
