1 106540689
2 159808438
3 195319514
4 221951701
5 243259710
6 261017982
7 276234951
8 289551884
9 301386684
10 312042672
11 321726085
12 330603355
13 338796533
14 346405047
15 353508935
16 360167784
17 366431825
18 372349037
19 377956783
20 383286418
21 388357562
22 393200045
23 397835826
24 402279207
25 406543209
26 410639583
27 414585719
28 418388717
29 422061313
30 425614753
31 429054106
32 432386698
33 435614054
34 438748311
35 441791910
36 444751674
37 447629659
38 450432616
39 453163018
40 455827165
41 458423719
42 460959523
43 463437351
44 465857999
45 468229857
46 470549867
47 472817708
48 475038966
49 477211167
50 479344268
51 481432914
52 483481035
53 485491806
54 487465340
55 489402750
56 491303975
57 493171977
58 495007902
59 496813981
60 498591208
61 500337500
62 502057008
63 503747896
64 505413302
65 507052104
66 508666689
67 510256363
68 511823145
69 513368341
70 514890745
71 516390874
72 517871572
73 519330863
74 520770101
75 522193055
76 523594080
77 524977589
78 526343426
79 527692269
80 529025554
81 530341589
82 531640114
83 532926995
84 534194247
85 535446362
86 536685408
87 537910529
88 539121139
89 540319839
90 541506040
91 542675960
92 543835537
93 544982621
94 546116617
95 547237675
96 548350156
97 549449542
98 550535805
99 551612412
100 552679126
101 553734381
102 554779518
103 555816081
104 556839534
105 557854044
106 558861005
107 559857329
108 560844300
109 561822142
110 562792370
111 563751492
112 564701620
113 565644576
114 566577776
115 567505866
116 568423963
117 569334282
118 570237426
119 571132538
120 572021894
121 572901427
122 573774737
123 574642110
124 575501860
125 576355216
126 577201536
127 578040486
128 578874000
129 579700101
130 580520308
131 581333038
132 582139090
133 582939234
134 583734793
135 584525828
136 585310019
137 586086708
138 586860400
139 587627200
140 588387774
141 589143494
142 589893726
143 590637844
144 591377863
145 592112542
146 592842526
147 593567151
148 594288355
149 595002586
150 595713873
151 596421410
152 597121895
153 597818685
154 598510409
155 599198714
156 599881297
157 600559995
158 601234618
159 601905451
160 602572751
161 603234650
162 603893045
163 604546706
164 605196774
165 605843662
166 606487878
167 607127047
168 607761720
169 608390654
170 609017424
171 609640381
172 610259794
173 610875050
174 611487482
175 612097055
176 612702186
177 613304327
178 613903919
179 614499145
180 615092833
181 615681131
182 616266057
183 616847843
184 617427083
185 618003730
186 618576382
187 619146231
188 619712852
189 620276451
190 620836810
191 621394544
192 621950414
193 622502313
194 623051811
195 623597781
196 624140957
197 624681338
198 625219209
199 625754192
200 626287343
201 626818060
202 627346178
203 627870271
204 628393021
205 628913206
206 629431450
207 629946483
208 630458890
209 630969486
210 631477535
211 631981833
212 632485246
213 632984108
214 633482295
215 633978021
216 634471718
217 634963278
218 635451172
219 635937748
220 636422849
221 636904782
222 637384657
223 637862402
224 638338233
225 638813403
226 639285428
227 639754063
228 640220922
229 640686099
230 641150496
231 641611282
232 642070737
233 642528616
234 642983735
235 643436616
236 643888175
237 644337847
238 644785576
239 645230285
240 645675936
241 646116440
242 646556106
243 646994049
244 647430741
245 647865354
246 648298895
247 648728950
248 649158733
249 649587609
250 650014549
251 650439954
252 650863769
253 651285198
254 651704899
255 652122133
256 652539174
257 652953877
258 653366991
259 653777667
260 654188050
261 654596022
262 655002613
263 655407103
264 655810095
265 656212550
266 656612123
267 657012277
268 657409492
269 657806039
270 658202101
271 658594822
272 658987468
273 659376686
274 659766239
275 660153789
276 660540568
277 660924945
278 661308540
279 661690582
280 662070731
281 662450091
282 662827785
283 663204789
284 663579868
285 663953196
286 664325259
287 664695294
288 665065957
289 665434054
290 665801080
291 666167145
292 666531882
293 666895716
294 667258183
295 667619096
296 667979780
297 668340052
298 668697100
299 669054113
300 669409696
301 669762828
302 670116657
303 670468111
304 670818802
305 671167736
306 671516130
307 671864364
308 672209954
309 672555265
310 672899467
311 673241976
312 673584196
313 673925380
314 674265173
315 674604601
316 674941811
317 675278430
318 675614428
319 675948269
320 676281362
321 676613898
322 676945183
323 677275297
324 677604350
325 677931714
326 678259361
327 678585359
328 678909790
329 679234607
330 679558645
331 679879741
332 680202005
333 680521928
334 680841516
335 681159609
336 681476734
337 681793078
338 682107722
339 682422256
340 682735247
341 683047914
342 683358983
343 683669077
344 683978832
345 684288451
346 684595865
347 684903465
348 685209358
349 685514783
350 685819771
351 686124621
352 686427092
353 686729004
354 687030213
355 687330839
356 687630711
357 687929847
358 688227482
359 688524176
360 688821483
361 689116662
362 689410954
363 689704668
364 689997376
365 690288562
366 690579156
367 690869121
368 691158849
369 691448043
370 691736441
371 692023478
372 692309897
373 692595447
374 692880936
375 693165298
376 693448798
377 693731425
378 694013697
379 694294941
380 694574805
381 694855116
382 695133895
383 695412017
384 695690977
385 695967917
386 696244143
387 696519434
388 696794904
389 697069150
390 697342348
391 697614858
392 697885834
393 698156304
394 698427304
395 698697459
396 698966161
397 699233802
398 699501514
399 699768291
400 700034387
401 700300062
402 700565373
403 700830525
404 701094999
405 701359221
406 701621673
407 701883894
408 702145881
409 702406924
410 702667187
411 702926165
412 703184889
413 703442915
414 703700544
415 703957883
416 704214059
417 704469905
418 704724893
419 704978978
420 705232840
421 705485928
422 705738053
423 705989683
424 706241242
425 706492086
426 706741892
427 706991324
428 707241096
429 707488798
430 707736938
431 707984081
432 708230446
433 708476595
434 708722444
435 708967778
436 709212230
437 709456726
438 709700060
439 709943181
440 710185911
441 710427694
442 710668857
443 710909800
444 711149666
445 711390163
446 711629576
447 711867927
448 712105572
449 712343595
450 712581049
451 712816799
452 713052475
453 713288036
454 713522766
455 713756512
456 713989923
457 714223514
458 714456623
459 714688911
460 714920676
461 715151653
462 715382044
463 715612547
464 715841633
465 716071213
466 716301024
467 716529342
468 716756977
469 716983220
470 717209406
471 717435377
472 717661251
473 717886169
474 718111489
475 718335312
476 718559038
477 718782880
478 719005521
479 719228016
480 719451877
481 719673879
482 719893980
483 720114576
484 720334663
485 720555003
486 720773889
487 720993086
488 721212155
489 721429808
490 721647681
491 721865816
492 722083125
493 722299444
494 722514104
495 722729749
496 722944422
497 723159208
498 723373711
499 723586755
500 723800552
501 724013332
502 724226279
503 724437868
504 724650585
505 724861817
506 725072478
507 725281960
508 725492001
509 725701063
510 725910020
511 726118808
512 726327671
513 726535643
514 726743277
515 726951013
516 727157389
517 727363351
518 727568964
519 727774593
520 727979697
521 728184008
522 728387898
523 728591794
524 728794988
525 728998069
526 729200616
527 729402397
528 729604001
529 729805499
530 730006880
531 730208387
532 730408011
533 730607893
534 730808429
535 731007320
536 731206413
537 731405569
538 731604342
539 731801175
540 731999069
541 732196087
542 732392446
543 732588695
544 732785104
545 732980636
546 733175671
547 733370317
548 733564708
549 733759141
550 733953273
551 734146619
552 734339779
553 734532458
554 734724796
555 734917327
556 735109833
557 735300952
558 735491707
559 735682098
560 735871820
561 736061216
562 736250636
563 736439092
564 736627665
565 736816696
566 737005443
567 737193057
568 737380963
569 737567744
570 737754322
571 737941189
572 738127148
573 738312685
574 738497656
575 738683288
576 738868962
577 739053976
578 739238044
579 739421507
580 739605088
581 739789388
582 739972107
583 740155539
584 740337975
585 740520238
586 740701996
587 740883346
588 741064610
589 741245408
590 741425930
591 741605864
592 741786445
593 741965855
594 742146049
595 742324832
596 742503385
597 742682086
598 742860729
599 743038923
600 743216654
601 743393548
602 743569497
603 743746467
604 743923136
605 744098118
606 744273894
607 744449339
608 744624748
609 744800066
610 744974826
611 745149399
612 745323570
613 745497886
614 745672240
615 745846145
616 746019230
617 746192155
618 746365198
619 746537610
620 746709759
621 746881775
622 747053334
623 747224016
624 747395142
625 747566061
626 747737086
627 747907278
628 748076986
629 748245733
630 748416016
631 748585073
632 748753410
633 748921879
634 749090139
635 749258362
636 749426771
637 749593987
638 749761048
639 749926851
640 750093792
641 750259669
642 750425810
643 750591420
644 750757083
645 750922669
646 751087516
647 751251986
648 751417027
649 751580572
650 751744503
651 751908244
652 752071944
653 752235309
654 752397784
655 752560214
656 752722591
657 752884281
658 753047004
659 753209105
660 753370930
661 753532799
662 753693792
663 753854838
664 754016074
665 754175510
666 754335343
667 754495547
668 754655419
669 754815193
670 754974760
671 755133323
672 755292446
673 755450264
674 755608852
675 755767345
676 755924745
677 756081978
678 756239561
679 756397133
680 756553917
681 756710579
682 756867181
683 757023501
684 757179279
685 757334364
686 757489557
687 757645167
688 757800090
689 757953845
690 758108641
691 758262322
692 758416126
693 758570099
694 758723827
695 758877615
696 759030774
697 759183490
698 759336145
699 759488774
700 759641108
701 759793102
702 759945598
703 760097668
704 760248324
705 760399707
706 760550602
707 760701315
708 760851908
709 761002353
710 761152857
711 761302681
712 761452831
713 761603504
714 761753092
715 761901942
716 762050836
717 762198931
718 762347394
719 762495942
720 762644692
721 762793056
722 762941088
723 763087995
724 763234888
725 763381916
726 763528846
727 763675750
728 763822123
729 763967954
730 764113147
731 764258933
732 764404245
733 764549276
734 764694771
735 764839487
736 764984531
737 765129733
738 765274533
739 765418819
740 765563438
741 765706522
742 765850710
743 765993929
744 766137299
745 766279876
746 766422688
747 766565419
748 766707978
749 766850027
750 766992712
751 767134574
752 767275487
753 767417493
754 767558907
755 767700533
756 767842139
757 767983249
758 768124213
759 768264635
760 768404436
761 768544623
762 768684797
763 768824538
764 768963207
765 769103191
766 769242748
767 769380820
768 769520524
769 769659427
770 769798189
771 769936655
772 770074756
773 770212562
774 770350146
775 770487689
776 770625336
777 770762020
778 770899099
779 771036606
780 771173147
781 771309083
782 771445352
783 771581099
784 771716452
785 771851824
786 771987506
787 772123517
788 772259250
789 772394245
790 772529930
791 772664002
792 772798384
793 772932822
794 773066994
795 773202110
796 773335848
797 773469968
798 773602895
799 773736185
800 773869642
801 774002667
802 774135625
803 774268191
804 774400648
805 774533391
806 774666274
807 774798275
808 774930686
809 775062195
810 775194807
811 775326200
812 775457316
813 775588254
814 775719201
815 775849874
816 775980929
817 776111522
818 776242023
819 776372039
820 776501910
821 776632350
822 776762276
823 776892051
824 777021097
825 777150817
826 777280204
827 777409328
828 777538267
829 777667819
830 777796742
831 777925118
832 778052739
833 778180697
834 778308478
835 778436217
836 778564162
837 778691655
838 778818604
839 778945404
840 779072455
841 779199023
842 779325315
843 779451495
844 779577840
845 779703376
846 779829386
847 779955101
848 780080988
849 780206404
850 780331990
851 780457825
852 780582729
853 780707549
854 780832469
855 780956820
856 781082120
857 781206273
858 781330251
859 781453905
860 781578352
861 781701944
862 781825813
863 781948967
864 782072576
865 782195430
866 782318590
867 782441560
868 782564636
869 782686586
870 782809189
871 782931002
872 783052973
873 783175770
874 783297712
875 783419980
876 783541460
877 783662986
878 783784565
879 783905663
880 784027325
881 784147470
882 784268695
883 784389239
884 784509557
885 784630576
886 784750963
887 784871323
888 784991782
889 785111438
890 785231981
891 785352195
892 785472120
893 785591666
894 785711455
895 785830919
896 785949821
897 786068709
898 786188031
899 786306815
900 786425781
901 786544018
902 786662006
903 786779901
904 786897741
905 787015391
906 787133019
907 787250815
908 787368266
909 787485784
910 787602746
911 787719189
912 787836125
913 787953850
914 788070506
915 788186797
916 788303258
917 788419213
918 788535727
919 788651705
920 788767640
921 788884071
922 788999579
923 789115698
924 789230376
925 789345800
926 789461103
927 789575817
928 789690678
929 789805714
930 789920342
931 790033995
932 790148681
933 790262942
934 790377421
935 790491215
936 790605109
937 790719645
938 790832693
939 790946153
940 791059329
941 791172796
942 791286090
943 791399683
944 791513002
945 791625873
946 791738455
947 791851319
948 791963815
949 792076062
950 792187916
951 792299915
952 792412138
953 792524309
954 792636810
955 792748318
956 792859276
957 792970661
958 793081870
959 793193050
960 793304784
961 793415613
962 793526351
963 793637509
964 793747595
965 793858435
966 793969045
967 794079324
968 794189923
969 794300066
970 794410073
971 794519264
972 794628863
973 794738650
974 794848524
975 794957617
976 795067132
977 795176675
978 795285717
979 795394482
980 795503498
981 795612418
982 795721337
983 795830403
984 795938824
985 796047080
986 796155147
987 796263574
988 796370809
989 796478707
990 796586475
991 796693199
992 796800591
993 796907369
994 797014897
995 797121999
996 797229576
997 797336669
998 797443151
999 797549854
