1 145763601
2 199031350
3 234542426
4 261174613
5 282482622
6 300240894
7 315457863
8 328774796
9 340609596
10 351265584
11 360948997
12 369826267
13 378019445
14 385627959
15 392731847
16 399390696
17 405654737
18 411571949
19 417179695
20 422509330
21 427580474
22 432422957
23 437058738
24 441502119
25 445766121
26 449862495
27 453808631
28 457611629
29 461284225
30 464837665
31 468277018
32 471609610
33 474836966
34 477971223
35 481014822
36 483974586
37 486852571
38 489655528
39 492385930
40 495050077
41 497646631
42 500182435
43 502660263
44 505080911
45 507452769
46 509772779
47 512040620
48 514261878
49 516434079
50 518567180
51 520655826
52 522703947
53 524714718
54 526688252
55 528625662
56 530526887
57 532394889
58 534230814
59 536036893
60 537814120
61 539560412
62 541279920
63 542970808
64 544636214
65 546275016
66 547889601
67 549479275
68 551046057
69 552591253
70 554113657
71 555613786
72 557094484
73 558553775
74 559993013
75 561415967
76 562816992
77 564200501
78 565566338
79 566915181
80 568248466
81 569564501
82 570863026
83 572149907
84 573417159
85 574669274
86 575908320
87 577133441
88 578344051
89 579542751
90 580728952
91 581898872
92 583058449
93 584205533
94 585339529
95 586460587
96 587573068
97 588672454
98 589758717
99 590835324
100 591902038
101 592957293
102 594002430
103 595038993
104 596062446
105 597076956
106 598083917
107 599080241
108 600067212
109 601045054
110 602015282
111 602974404
112 603924532
113 604867488
114 605800688
115 606728778
116 607646875
117 608557194
118 609460338
119 610355450
120 611244806
121 612124339
122 612997649
123 613865022
124 614724772
125 615578128
126 616424448
127 617263398
128 618096912
129 618923013
130 619743220
131 620555950
132 621362002
133 622162146
134 622957705
135 623748740
136 624532931
137 625309620
138 626083312
139 626850112
140 627610686
141 628366406
142 629116638
143 629860756
144 630600775
145 631335454
146 632065438
147 632790063
148 633511267
149 634225498
150 634936785
151 635644322
152 636344807
153 637041597
154 637733321
155 638421626
156 639104209
157 639782907
158 640457530
159 641128363
160 641795663
161 642457562
162 643115957
163 643769618
164 644419686
165 645066574
166 645710790
167 646349959
168 646984632
169 647613566
170 648240336
171 648863293
172 649482706
173 650097962
174 650710394
175 651319967
176 651925098
177 652527239
178 653126831
179 653722057
180 654315745
181 654904043
182 655488969
183 656070755
184 656649995
185 657226642
186 657799294
187 658369143
188 658935764
189 659499363
190 660059722
191 660617456
192 661173326
193 661725225
194 662274723
195 662820693
196 663363869
197 663904250
198 664442121
199 664977104
200 665510255
201 666040972
202 666569090
203 667093183
204 667615933
205 668136118
206 668654362
207 669169395
208 669681802
209 670192398
210 670700447
211 671204745
212 671708158
213 672207020
214 672705207
215 673200933
216 673694630
217 674186190
218 674674084
219 675160660
220 675645761
221 676127694
222 676607569
223 677085314
224 677561145
225 678036315
226 678508340
227 678976975
228 679443834
229 679909011
230 680373408
231 680834194
232 681293649
233 681751528
234 682206647
235 682659528
236 683111087
237 683560759
238 684008488
239 684453197
240 684898848
241 685339352
242 685779018
243 686216961
244 686653653
245 687088266
246 687521807
247 687951862
248 688381645
249 688810521
250 689237461
251 689662866
252 690086681
253 690508110
254 690927811
255 691345045
256 691762086
257 692176789
258 692589903
259 693000579
260 693410962
261 693818934
262 694225525
263 694630015
264 695033007
265 695435462
266 695835035
267 696235189
268 696632404
269 697028951
270 697425013
271 697817734
272 698210380
273 698599598
274 698989151
275 699376701
276 699763480
277 700147857
278 700531452
279 700913494
280 701293643
281 701673003
282 702050697
283 702427701
284 702802780
285 703176108
286 703548171
287 703918206
288 704288869
289 704656966
290 705023992
291 705390057
292 705754794
293 706118628
294 706481095
295 706842008
296 707202692
297 707562964
298 707920012
299 708277025
300 708632608
301 708985740
302 709339569
303 709691023
304 710041714
305 710390648
306 710739042
307 711087276
308 711432866
309 711778177
310 712122379
311 712464888
312 712807108
313 713148292
314 713488085
315 713827513
316 714164723
317 714501342
318 714837340
319 715171181
320 715504274
321 715836810
322 716168095
323 716498209
324 716827262
325 717154626
326 717482273
327 717808271
328 718132702
329 718457519
330 718781557
331 719102653
332 719424917
333 719744840
334 720064428
335 720382521
336 720699646
337 721015990
338 721330634
339 721645168
340 721958159
341 722270826
342 722581895
343 722891989
344 723201744
345 723511363
346 723818777
347 724126377
348 724432270
349 724737695
350 725042683
351 725347533
352 725650004
353 725951916
354 726253125
355 726553751
356 726853623
357 727152759
358 727450394
359 727747088
360 728044395
361 728339574
362 728633866
363 728927580
364 729220288
365 729511474
366 729802068
367 730092033
368 730381761
369 730670955
370 730959353
371 731246390
372 731532809
373 731818359
374 732103848
375 732388210
376 732671710
377 732954337
378 733236609
379 733517853
380 733797717
381 734078028
382 734356807
383 734634929
384 734913889
385 735190829
386 735467055
387 735742346
388 736017816
389 736292062
390 736565260
391 736837770
392 737108746
393 737379216
394 737650216
395 737920371
396 738189073
397 738456714
398 738724426
399 738991203
400 739257299
401 739522974
402 739788285
403 740053437
404 740317911
405 740582133
406 740844585
407 741106806
408 741368793
409 741629836
410 741890099
411 742149077
412 742407801
413 742665827
414 742923456
415 743180795
416 743436971
417 743692817
418 743947805
419 744201890
420 744455752
421 744708840
422 744960965
423 745212595
424 745464154
425 745714998
426 745964804
427 746214236
428 746464008
429 746711710
430 746959850
431 747206993
432 747453358
433 747699507
434 747945356
435 748190690
436 748435142
437 748679638
438 748922972
439 749166093
440 749408823
441 749650606
442 749891769
443 750132712
444 750372578
445 750613075
446 750852488
447 751090839
448 751328484
449 751566507
450 751803961
451 752039711
452 752275387
453 752510948
454 752745678
455 752979424
456 753212835
457 753446426
458 753679535
459 753911823
460 754143588
461 754374565
462 754604956
463 754835459
464 755064545
465 755294125
466 755523936
467 755752254
468 755979889
469 756206132
470 756432318
471 756658289
472 756884163
473 757109081
474 757334401
475 757558224
476 757781950
477 758005792
478 758228433
479 758450928
480 758674789
481 758896791
482 759116892
483 759337488
484 759557575
485 759777915
486 759996801
487 760215998
488 760435067
489 760652720
490 760870593
491 761088728
492 761306037
493 761522356
494 761737016
495 761952661
496 762167334
497 762382120
498 762596623
499 762809667
500 763023464
501 763236244
502 763449191
503 763660780
504 763873497
505 764084729
506 764295390
507 764504872
508 764714913
509 764923975
510 765132932
511 765341720
512 765550583
513 765758555
514 765966189
515 766173925
516 766380301
517 766586263
518 766791876
519 766997505
520 767202609
521 767406920
522 767610810
523 767814706
524 768017900
525 768220981
526 768423528
527 768625309
528 768826913
529 769028411
530 769229792
531 769431299
532 769630923
533 769830805
534 770031341
535 770230232
536 770429325
537 770628481
538 770827254
539 771024087
540 771221981
541 771418999
542 771615358
543 771811607
544 772008016
545 772203548
546 772398583
547 772593229
548 772787620
549 772982053
550 773176185
551 773369531
552 773562691
553 773755370
554 773947708
555 774140239
556 774332745
557 774523864
558 774714619
559 774905010
560 775094732
561 775284128
562 775473548
563 775662004
564 775850577
565 776039608
566 776228355
567 776415969
568 776603875
569 776790656
570 776977234
571 777164101
572 777350060
573 777535597
574 777720568
575 777906200
576 778091874
577 778276888
578 778460956
579 778644419
580 778828000
581 779012300
582 779195019
583 779378451
584 779560887
585 779743150
586 779924908
587 780106258
588 780287522
589 780468320
590 780648842
591 780828776
592 781009357
593 781188767
594 781368961
595 781547744
596 781726297
597 781904998
598 782083641
599 782261835
600 782439566
601 782616460
602 782792409
603 782969379
604 783146048
605 783321030
606 783496806
607 783672251
608 783847660
609 784022978
610 784197738
611 784372311
612 784546482
613 784720798
614 784895152
615 785069057
616 785242142
617 785415067
618 785588110
619 785760522
620 785932671
621 786104687
622 786276246
623 786446928
624 786618054
625 786788973
626 786959998
627 787130190
628 787299898
629 787468645
630 787638928
631 787807985
632 787976322
633 788144791
634 788313051
635 788481274
636 788649683
637 788816899
638 788983960
639 789149763
640 789316704
641 789482581
642 789648722
643 789814332
644 789979995
645 790145581
646 790310428
647 790474898
648 790639939
649 790803484
650 790967415
651 791131156
652 791294856
653 791458221
654 791620696
655 791783126
656 791945503
657 792107193
658 792269916
659 792432017
660 792593842
661 792755711
662 792916704
663 793077750
664 793238986
665 793398422
666 793558255
667 793718459
668 793878331
669 794038105
670 794197672
671 794356235
672 794515358
673 794673176
674 794831764
675 794990257
676 795147657
677 795304890
678 795462473
679 795620045
680 795776829
681 795933491
682 796090093
683 796246413
684 796402191
685 796557276
686 796712469
687 796868079
688 797023002
689 797176757
690 797331553
691 797485234
692 797639038
693 797793011
694 797946739
695 798100527
696 798253686
697 798406402
698 798559057
699 798711686
700 798864020
701 799016014
702 799168510
703 799320580
704 799471236
705 799622619
706 799773514
707 799924227
708 800074820
709 800225265
710 800375769
711 800525593
712 800675743
713 800826416
714 800976004
715 801124854
716 801273748
717 801421843
718 801570306
719 801718854
720 801867604
721 802015968
722 802164000
723 802310907
724 802457800
725 802604828
726 802751758
727 802898662
728 803045035
729 803190866
730 803336059
731 803481845
732 803627157
733 803772188
734 803917683
735 804062399
736 804207443
737 804352645
738 804497445
739 804641731
740 804786350
741 804929434
742 805073622
743 805216841
744 805360211
745 805502788
746 805645600
747 805788331
748 805930890
749 806072939
750 806215624
751 806357486
752 806498399
753 806640405
754 806781819
755 806923445
756 807065051
757 807206161
758 807347125
759 807487547
760 807627348
761 807767535
762 807907709
763 808047450
764 808186119
765 808326103
766 808465660
767 808603732
768 808743436
769 808882339
770 809021101
771 809159567
772 809297668
773 809435474
774 809573058
775 809710601
776 809848248
777 809984932
778 810122011
779 810259518
780 810396059
781 810531995
782 810668264
783 810804011
784 810939364
785 811074736
786 811210418
787 811346429
788 811482162
789 811617157
790 811752842
791 811886914
792 812021296
793 812155734
794 812289906
795 812425022
796 812558760
797 812692880
798 812825807
799 812959097
800 813092554
801 813225579
802 813358537
803 813491103
804 813623560
805 813756303
806 813889186
807 814021187
808 814153598
809 814285107
810 814417719
811 814549112
812 814680228
813 814811166
814 814942113
815 815072786
816 815203841
817 815334434
818 815464935
819 815594951
820 815724822
821 815855262
822 815985188
823 816114963
824 816244009
825 816373729
826 816503116
827 816632240
828 816761179
829 816890731
830 817019654
831 817148030
832 817275651
833 817403609
834 817531390
835 817659129
836 817787074
837 817914567
838 818041516
839 818168316
840 818295367
841 818421935
842 818548227
843 818674407
844 818800752
845 818926288
846 819052298
847 819178013
848 819303900
849 819429316
850 819554902
851 819680737
852 819805641
853 819930461
854 820055381
855 820179732
856 820305032
857 820429185
858 820553163
859 820676817
860 820801264
861 820924856
862 821048725
863 821171879
864 821295488
865 821418342
866 821541502
867 821664472
868 821787548
869 821909498
870 822032101
871 822153914
872 822275885
873 822398682
874 822520624
875 822642892
876 822764372
877 822885898
878 823007477
879 823128575
880 823250237
881 823370382
882 823491607
883 823612151
884 823732469
885 823853488
886 823973875
887 824094235
888 824214694
889 824334350
890 824454893
891 824575107
892 824695032
893 824814578
894 824934367
895 825053831
896 825172733
897 825291621
898 825410943
899 825529727
900 825648693
901 825766930
902 825884918
903 826002813
904 826120653
905 826238303
906 826355931
907 826473727
908 826591178
909 826708696
910 826825658
911 826942101
912 827059037
913 827176762
914 827293418
915 827409709
916 827526170
917 827642125
918 827758639
919 827874617
920 827990552
921 828106983
922 828222491
923 828338610
924 828453288
925 828568712
926 828684015
927 828798729
928 828913590
929 829028626
930 829143254
931 829256907
932 829371593
933 829485854
934 829600333
935 829714127
936 829828021
937 829942557
938 830055605
939 830169065
940 830282241
941 830395708
942 830509002
943 830622595
944 830735914
945 830848785
946 830961367
947 831074231
948 831186727
949 831298974
950 831410828
951 831522827
952 831635050
953 831747221
954 831859722
955 831971230
956 832082188
957 832193573
958 832304782
959 832415962
960 832527696
961 832638525
962 832749263
963 832860421
964 832970507
965 833081347
966 833191957
967 833302236
968 833412835
969 833522978
970 833632985
971 833742176
972 833851775
973 833961562
974 834071436
975 834180529
976 834290044
977 834399587
978 834508629
979 834617394
980 834726410
981 834835330
982 834944249
983 835053315
984 835161736
985 835269992
986 835378059
987 835486486
988 835593721
989 835701619
990 835809387
991 835916111
992 836023503
993 836130281
994 836237809
995 836344911
996 836452488
997 836559581
998 836666063
999 836772766

