1 107058166
2 160186231
3 195606227
4 222167980
5 243420272
6 261133992
7 276311881
8 289594189
9 301398316
10 312026882
11 321684966
12 330539724
13 338711428
14 346300304
15 353385406
16 360027199
17 366274596
18 372176541
19 377769147
20 383084907
21 388143217
22 392972946
23 397595457
24 402027968
25 406280790
26 410366602
27 414302260
28 418095209
29 421758148
30 425302782
31 428732962
32 432056511
33 435275287
34 438401348
35 441437814
36 444389899
37 447260643
38 450056251
39 452779560
40 455436876
41 458026870
42 460556106
43 463027283
44 465441538
45 467806817
46 470120186
47 472382080
48 474597963
49 476764880
50 478892316
51 480975486
52 483018472
53 485023156
54 486991488
55 488923681
56 490820009
57 492683108
58 494514441
59 496316293
60 498089032
61 499830217
62 501545122
63 503231971
64 504893059
65 506527569
66 508137853
67 509723310
68 511286138
69 512827126
70 514346061
71 515842016
72 517319009
73 518774349
74 520209824
75 521628890
76 523026291
77 524406278
78 525768559
79 527113980
80 528443874
81 529756258
82 531051696
83 532334636
84 533598335
85 534847291
86 536082852
87 537304692
88 538512326
89 539708039
90 540891088
91 542057786
92 543214239
93 544358442
94 545489445
95 546607413
96 547716986
97 548813416
98 549897001
99 550970657
100 552034279
101 553086932
102 554129490
103 555163739
104 556184695
105 557196818
106 558200620
107 559194371
108 560178636
109 561153904
110 562121417
111 563078015
112 564025750
113 564966319
114 565897131
115 566822286
116 567738007
117 568645833
118 569546880
119 570439651
120 571326785
121 572204074
122 573074817
123 573940011
124 574797676
125 575648994
126 576493061
127 577329743
128 578160987
129 578984751
130 579802734
131 580613322
132 581417195
133 582215277
134 583008755
135 583797582
136 584579956
137 585354702
138 586126262
139 586891067
140 587649961
141 588403612
142 589151828
143 589893999
144 590632216
145 591364729
146 592092741
147 592815720
148 593534988
149 594247543
150 594956858
151 595662349
152 596360974
153 597055920
154 597745868
155 598432448
156 599113360
157 599790338
158 600463318
159 601132098
160 601797578
161 602457647
162 603114275
163 603766404
164 604415062
165 605059958
166 605702150
167 606339665
168 606972539
169 607599902
170 608225215
171 608846530
172 609464220
173 610077656
174 610688491
175 611296706
176 611900310
177 612501113
178 613099370
179 613693154
180 614285157
181 614871887
182 615455241
183 616035487
184 616613230
185 617188264
186 617759578
187 618327969
188 618893106
189 619455347
190 620014345
191 620570584
192 621125042
193 621675486
194 622223607
195 622768049
196 623309875
197 623848873
198 624385251
199 624918787
200 625450602
201 625979896
202 626506761
203 627029552
204 627551105
205 628070277
206 628587322
207 629100694
208 629611750
209 630121004
210 630627856
211 631130993
212 631632677
213 632130271
214 632627182
215 633121442
216 633613803
217 634104056
218 634590748
219 635075900
220 635559712
221 636040289
222 636518902
223 636995104
224 637469721
225 637943573
226 638414361
227 638881849
228 639347614
229 639811714
230 640274632
231 640734221
232 641192476
233 641648985
234 642102748
235 642554432
236 643004994
237 643453339
238 643899980
239 644343605
240 644788114
241 645227369
242 645665940
243 646102704
244 646538041
245 646971632
246 647404155
247 647833061
248 648261773
249 648689396
250 649115262
251 649539617
252 649962209
253 650382424
254 650801023
255 651217258
256 651633151
257 652046767
258 652458574
259 652868359
260 653277645
261 653684448
262 654089909
263 654493347
264 654895333
265 655296513
266 655695066
267 656094343
268 656490540
269 656886170
270 657281141
271 657672797
272 658064426
273 658452605
274 658841140
275 659227523
276 659613326
277 659996898
278 660379432
279 660760546
280 661139997
281 661518327
282 661895025
283 662271027
284 662645128
285 663017391
286 663388450
287 663757545
288 664127233
289 664494298
290 664860344
291 665225316
292 665588938
293 665951805
294 666313357
295 666673410
296 667033141
297 667392273
298 667748492
299 668104549
300 668459064
301 668811338
302 669164049
303 669514674
304 669864473
305 670212520
306 670560052
307 670907361
308 671251935
309 671596483
310 671939837
311 672281478
312 672622880
313 672962951
314 673302003
315 673640609
316 673976968
317 674312800
318 674647669
319 674980660
320 675312935
321 675644663
322 675974947
323 676304168
324 676632276
325 676958787
326 677285582
327 677610714
328 677934575
329 678258596
330 678581630
331 678901943
332 679223109
333 679542126
334 679860872
335 680178117
336 680494355
337 680810075
338 681123847
339 681437590
340 681749851
341 682061491
342 682371714
343 682681047
344 682989862
345 683298546
346 683604939
347 683911713
348 684216838
349 684521358
350 684825730
351 685129669
352 685431348
353 685732481
354 686033009
355 686332742
356 686632030
357 686930260
358 687227228
359 687523190
360 687819626
361 688113958
362 688407417
363 688700382
364 688992307
365 689282797
366 689572679
367 689861901
368 690150840
369 690439275
370 690726882
371 691013094
372 691298778
373 691583629
374 691868336
375 692152013
376 692434651
377 692716523
378 692998167
379 693278700
380 693557897
381 693837411
382 694115329
383 694392821
384 694671007
385 694947175
386 695222570
387 695497038
388 695771811
389 696045299
390 696317793
391 696589508
392 696859864
393 697129756
394 697400180
395 697669698
396 697937772
397 698204794
398 698471734
399 698737955
400 699003357
401 699268478
402 699533145
403 699797677
404 700061546
405 700324942
406 700586824
407 700848261
408 701109719
409 701369814
410 701629565
411 701887897
412 702146067
413 702403536
414 702660319
415 702916923
416 703172370
417 703427626
418 703681911
419 703935297
420 704188571
421 704441125
422 704692647
423 704943614
424 705194392
425 705444561
426 705693738
427 705942521
428 706191627
429 706438658
430 706686079
431 706932637
432 707178408
433 707424171
434 707669330
435 707913791
436 708157584
437 708401274
438 708643886
439 708886389
440 709128469
441 709369731
442 709610254
443 709850515
444 710089701
445 710329625
446 710568092
447 710805847
448 711042845
449 711280253
450 711517101
451 711752253
452 711987326
453 712222215
454 712456395
455 712689605
456 712922475
457 713155523
458 713388131
459 713619718
460 713850726
461 714081199
462 714311038
463 714540909
464 714769446
465 714998509
466 715227590
467 715455334
468 715682296
469 715908041
470 716133701
471 716359236
472 716584618
473 716808729
474 717033338
475 717256600
476 717479726
477 717702856
478 717924992
479 718146847
480 718370068
481 718591507
482 718810995
483 719030964
484 719250438
485 719470117
486 719688375
487 719906931
488 720125282
489 720342317
490 720559702
491 720777233
492 720994120
493 721209894
494 721424004
495 721638944
496 721853142
497 722067360
498 722281282
499 722493763
500 722706929
501 722919150
502 723131540
503 723342560
504 723554672
505 723765356
506 723975359
507 724184316
508 724393845
509 724602456
510 724810965
511 725019105
512 725227383
513 725434847
514 725641936
515 725849264
516 726054977
517 726260317
518 726465395
519 726670369
520 726874963
521 727078819
522 727282101
523 727485578
524 727688170
525 727890795
526 728092830
527 728293940
528 728494999
529 728695903
530 728896720
531 729097756
532 729296859
533 729496277
534 729696441
535 729894780
536 730093387
537 730291922
538 730490239
539 730686721
540 730883995
541 731080421
542 731276313
543 731471988
544 731667887
545 731862837
546 732057313
547 732251373
548 732445329
549 732639293
550 732832743
551 733025464
552 733218205
553 733410351
554 733602306
555 733794239
556 733986147
557 734176745
558 734367077
559 734557062
560 734746460
561 734935359
562 735124351
563 735312447
564 735500467
565 735688937
566 735877182
567 736064354
568 736251761
569 736438111
570 736624209
571 736810605
572 736996165
573 737181074
574 737365606
575 737550658
576 737735877
577 737920396
578 738103969
579 738286960
580 738470113
581 738653898
582 738836156
583 739019131
584 739200977
585 739382732
586 739564095
587 739745021
588 739925750
589 740106136
590 740286261
591 740465644
592 740645700
593 740824624
594 741004242
595 741182598
596 741360810
597 741538989
598 741717207
599 741894971
600 742072227
601 742248595
602 742424168
603 742600640
604 742776713
605 742951257
606 743126639
607 743301808
608 743476685
609 743651515
610 743825890
611 743999990
612 744173805
613 744347688
614 744521601
615 744695162
616 744867705
617 745040168
618 745212784
619 745384708
620 745556510
621 745728075
622 745899135
623 746069462
624 746240108
625 746410698
626 746581132
627 746750847
628 746920207
629 747088543
630 747258392
631 747426938
632 747594921
633 747762998
634 747930812
635 748098551
636 748266351
637 748433189
638 748599912
639 748765319
640 748931807
641 749097107
642 749262871
643 749428152
644 749593306
645 749758335
646 749922779
647 750086702
648 750251251
649 750414420
650 750577826
651 750741162
652 750904416
653 751067311
654 751229374
655 751391441
656 751553490
657 751714799
658 751877099
659 752038775
660 752200123
661 752361598
662 752522189
663 752682706
664 752843419
665 753002485
666 753161907
667 753321677
668 753481041
669 753640328
670 753799468
671 753957582
672 754116299
673 754273703
674 754432034
675 754590109
676 754747106
677 754903954
678 755061131
679 755218358
680 755374795
681 755531035
682 755687098
683 755842979
684 755998330
685 756153015
686 756307914
687 756463209
688 756617652
689 756770960
690 756925311
691 757078666
692 757231972
693 757385471
694 757538793
695 757692149
696 757844943
697 757997213
698 758149449
699 758301642
700 758453655
701 758605306
702 758757322
703 758909052
704 759059415
705 759210335
706 759360867
707 759511211
708 759661420
709 759811505
710 759961733
711 760111102
712 760261016
713 760411247
714 760560446
715 760708891
716 760857521
717 761005329
718 761153456
719 761301578
720 761449885
721 761597909
722 761745536
723 761891991
724 762038444
725 762185143
726 762331722
727 762478270
728 762624257
729 762769664
730 762914550
731 763059825
732 763204766
733 763349399
734 763494469
735 763638878
736 763783483
737 763928276
738 764072745
739 764216615
740 764360810
741 764503593
742 764647390
743 764790129
744 764933184
745 765075474
746 765217978
747 765360291
748 765502440
749 765644131
750 765786470
751 765927940
752 766068447
753 766210158
754 766351287
755 766492578
756 766633778
757 766774466
758 766915047
759 767055121
760 767194522
761 767334315
762 767474054
763 767613453
764 767751711
765 767891349
766 768030548
767 768168341
768 768307752
769 768446289
770 768584675
771 768722811
772 768860471
773 768997835
774 769134899
775 769272144
776 769409435
777 769545852
778 769682531
779 769819583
780 769955792
781 770091426
782 770227262
783 770362635
784 770497680
785 770632714
786 770768103
787 770903784
788 771039175
789 771173889
790 771309294
791 771443181
792 771577264
793 771711304
794 771845180
795 771979812
796 772113141
797 772246910
798 772379548
799 772512422
800 772645474
801 772778252
802 772910915
803 773043124
804 773175251
805 773307697
806 773440258
807 773572039
808 773704132
809 773835291
810 773967488
811 774098545
812 774229355
813 774359921
814 774490444
815 774620816
816 774751588
817 774881750
818 775011802
819 775141553
820 775271173
821 775401078
822 775530715
823 775660080
824 775788878
825 775918190
826 776047239
827 776175907
828 776304393
829 776433706
830 776562277
831 776690311
832 776817574
833 776945190
834 777072678
835 777200128
836 777327728
837 777454856
838 777581432
839 777707854
840 777834668
841 777960956
842 778087001
843 778212825
844 778338878
845 778464120
846 778589852
847 778715199
848 778840775
849 778965931
850 779091242
851 779216714
852 779341303
853 779465807
854 779590489
855 779714518
856 779839469
857 779963330
858 780086957
859 780210373
860 780334414
861 780457712
862 780581343
863 780704204
864 780827498
865 780950030
866 781072971
867 781195523
868 781318316
869 781439937
870 781562161
871 781683695
872 781805267
873 781927620
874 782049235
875 782171298
876 782292424
877 782413550
878 782534857
879 782655622
880 782776942
881 782896748
882 783017672
883 783137929
884 783257998
885 783378763
886 783498862
887 783618833
888 783738898
889 783858262
890 783978560
891 784098418
892 784217928
893 784337077
894 784456591
895 784575716
896 784694320
897 784812908
898 784931874
899 785050433
900 785169068
901 785286885
902 785404636
903 785522245
904 785639770
905 785757130
906 785874408
907 785991905
908 786109129
909 786226286
910 786342937
911 786459145
912 786575823
913 786693198
914 786809578
915 786925631
916 787041874
917 787157585
918 787273743
919 787389343
920 787504901
921 787621010
922 787736309
923 787852070
924 787966508
925 788081607
926 788196554
927 788311013
928 788425570
929 788540273
930 788654719
931 788768091
932 788882356
933 788996320
934 789110528
935 789224020
936 789337583
937 789451867
938 789564702
939 789677828
940 789790722
941 789903937
942 790017008
943 790130254
944 790243290
945 790355880
946 790467933
947 790580513
948 790692632
949 790804605
950 790916218
951 791027961
952 791139969
953 791251877
954 791363929
955 791475051
956 791585791
957 791696886
958 791807806
959 791918700
960 792030165
961 792140741
962 792251145
963 792361978
964 792471731
965 792582197
966 792692414
967 792802376
968 792912692
969 793022589
970 793132333
971 793241176
972 793350378
973 793459857
974 793569417
975 793678165
976 793787291
977 793896491
978 794005220
979 794113667
980 794222445
981 794331054
982 794439685
983 794548441
984 794656673
985 794764639
986 794872378
987 794980547
988 795087508
989 795195109
990 795302504
991 795408932
992 795516096
993 795622672
994 795729923
995 795836717
996 795943949
997 796050778
998 796157008
999 796263422

