1 10822
2 21642
3 32462
4 43282
5 54102
6 64922
7 75742
8 86562
9 97382
10 108202
11 119022
12 129842
13 140662
14 151482
15 162302
16 173122
17 183942
18 194762
19 205582
20 216402
21 227222
22 238042
23 248862
24 259682
25 270502
26 281322
27 292142
28 302962
29 313782
30 324602
31 335422
32 346242
33 357062
34 367882
35 378702
36 389522
37 400342
38 411162
39 421982
40 432802
41 443622
42 454442
43 465262
44 476082
45 486902
46 497722
47 508542
48 519362
49 530182
50 541002
51 551822
52 562642
53 573462
54 584282
55 595102
56 605922
57 616742
58 627562
59 638382
60 649202
61 660022
62 670842
63 681662
64 692482
65 703302
66 714122
67 724942
68 735762
69 746582
70 757402
71 768222
72 779042
73 789862
74 800682
75 811502
76 822322
77 833142
78 843962
79 854782
80 865602
81 876422
82 887242
83 898062
84 908882
85 919702
86 930522
87 941342
88 952162
89 962982
90 973802
91 984622
92 995442
93 1006262
94 1017082
95 1027902
96 1038722
97 1049542
98 1060362
99 1071182
100 1082002
101 1092822
102 1103642
103 1114462
104 1125282
105 1136102
106 1146922
107 1157742
108 1168562
109 1179382
110 1190202
111 1201022
112 1211842
113 1222662
114 1233482
115 1244302
116 1255122
117 1265942
118 1276762
119 1287582
120 1298402
121 1309222
122 1320042
123 1330862
124 1341682
125 1352502
126 1363322
127 1374142
128 1384962
129 1395782
130 1406602
131 1417422
132 1428242
133 1439062
134 1449882
135 1460702
136 1471522
137 1482342
138 1493162
139 1503982
140 1514802
141 1525622
142 1536442
143 1547262
144 1558082
145 1568902
146 1579722
147 1590542
148 1601362
149 1612182
150 1623002
151 1633822
152 1644642
153 1655462
154 1666282
155 1677102
156 1687922
157 1698742
158 1709562
159 1720382
160 1731202
161 1742022
162 1752842
163 1763662
164 1774482
165 1785302
166 1796122
167 1806942
168 1817762
169 1828582
170 1839402
171 1850222
172 1861042
173 1871862
174 1882682
175 1893502
176 1904322
177 1915142
178 1925962
179 1936782
180 1947602
181 1958422
182 1969242
183 1980062
184 1990882
185 2001702
186 2012522
187 2023342
188 2034162
189 2044982
190 2055802
191 2066622
192 2077442
193 2088262
194 2099082
195 2109902
196 2120722
197 2131542
198 2142362
199 2153182
200 2164002
201 2174822
202 2185642
203 2196462
204 2207282
205 2218102
206 2228922
207 2239742
208 2250562
209 2261382
210 2272202
211 2283022
212 2293842
213 2304662
214 2315482
215 2326302
216 2337122
217 2347942
218 2358762
219 2369582
220 2380402
221 2391222
222 2402042
223 2412862
224 2423682
225 2434502
226 2445322
227 2456142
228 2466962
229 2477782
230 2488602
231 2499422
232 2510242
233 2521062
234 2531882
235 2542702
236 2553522
237 2564342
238 2575162
239 2585982
240 2596802
241 2607622
242 2618442
243 2629262
244 2640082
245 2650902
246 2661722
247 2672542
248 2683362
249 2694182
250 2705002
251 2715822
252 2726642
253 2737462
254 2748282
255 2759102
256 2769922
257 2780742
258 2791562
259 2802382
260 2813202
261 2824022
262 2834842
263 2845662
264 2856482
265 2867302
266 2878122
267 2888942
268 2899762
269 2910582
270 2921402
271 2932222
272 2943042
273 2953862
274 2964682
275 2975502
276 2986322
277 2997142
278 3007962
279 3018782
280 3029602
281 3040422
282 3051242
283 3062062
284 3072882
285 3083702
286 3094522
287 3105342
288 3116162
289 3126982
290 3137802
291 3148622
292 3159442
293 3170262
294 3181082
295 3191902
296 3202722
297 3213542
298 3224362
299 3235182
300 3246002
301 3256822
302 3267642
303 3278462
304 3289282
305 3300102
306 3310922
307 3321742
308 3332562
309 3343382
310 3354202
311 3365022
312 3375842
313 3386662
314 3397482
315 3408302
316 3419122
317 3429942
318 3440762
319 3451582
320 3462402
321 3473222
322 3484042
323 3494862
324 3505682
325 3516502
326 3527322
327 3538142
328 3548962
329 3559782
330 3570602
331 3581422
332 3592242
333 3603062
334 3613882
335 3624702
336 3635522
337 3646342
338 3657162
339 3667982
340 3678802
341 3689622
342 3700442
343 3711262
344 3722082
345 3732902
346 3743722
347 3754542
348 3765362
349 3776182
350 3787002
351 3797822
352 3808642
353 3819462
354 3830282
355 3841102
356 3851922
357 3862742
358 3873562
359 3884382
360 3895202
361 3906022
362 3916842
363 3927662
364 3938482
365 3949302
366 3960122
367 3970942
368 3981762
369 3992582
370 4003402
371 4014222
372 4025042
373 4035862
374 4046682
375 4057502
376 4068322
377 4079142
378 4089962
379 4100782
380 4111602
381 4122422
382 4133242
383 4144062
384 4154882
385 4165702
386 4176522
387 4187342
388 4198162
389 4208982
390 4219802
391 4230622
392 4241442
393 4252262
394 4263082
395 4273902
396 4284722
397 4295542
398 4306362
399 4317182
400 4328002
401 4338822
402 4349642
403 4360462
404 4371282
405 4382102
406 4392922
407 4403742
408 4414562
409 4425382
410 4436202
411 4447022
412 4457842
413 4468662
414 4479482
415 4490302
416 4501122
417 4511942
418 4522762
419 4533582
420 4544402
421 4555222
422 4566042
423 4576862
424 4587682
425 4598502
426 4609322
427 4620142
428 4630962
429 4641782
430 4652602
431 4663422
432 4674242
433 4685062
434 4695882
435 4706702
436 4717522
437 4728342
438 4739162
439 4749982
440 4760802
441 4771622
442 4782442
443 4793262
444 4804082
445 4814902
446 4825722
447 4836542
448 4847362
449 4858182
450 4869002
451 4879822
452 4890642
453 4901462
454 4912282
455 4923102
456 4933922
457 4944742
458 4955562
459 4966382
460 4977202
461 4988022
462 4998842
463 5009662
464 5020482
465 5031302
466 5042122
467 5052942
468 5063762
469 5074582
470 5085402
471 5096222
472 5107042
473 5117862
474 5128682
475 5139502
476 5150322
477 5161142
478 5171962
479 5182782
480 5193602
481 5204422
482 5215242
483 5226062
484 5236882
485 5247702
486 5258522
487 5269342
488 5280162
489 5290982
490 5301802
491 5312622
492 5323442
493 5334262
494 5345082
495 5355902
496 5366722
497 5377542
498 5388362
499 5399182
500 5410002
501 5420822
502 5431642
503 5442462
504 5453282
505 5464102
506 5474922
507 5485742
508 5496562
509 5507382
510 5518202
511 5529022
512 5539842
513 5550662
514 5561482
515 5572302
516 5583122
517 5593942
518 5604762
519 5615582
520 5626402
521 5637222
522 5648042
523 5658862
524 5669682
525 5680502
526 5691322
527 5702142
528 5712962
529 5723782
530 5734602
531 5745422
532 5756242
533 5767062
534 5777882
535 5788702
536 5799522
537 5810342
538 5821162
539 5831982
540 5842802
541 5853622
542 5864442
543 5875262
544 5886082
545 5896902
546 5907722
547 5918542
548 5929362
549 5940182
550 5951002
551 5961822
552 5972642
553 5983462
554 5994282
555 6005102
556 6015922
557 6026742
558 6037562
559 6048382
560 6059202
561 6070022
562 6080842
563 6091662
564 6102482
565 6113302
566 6124122
567 6134942
568 6145762
569 6156582
570 6167402
571 6178222
572 6189042
573 6199862
574 6210682
575 6221502
576 6232322
577 6243142
578 6253962
579 6264782
580 6275602
581 6286422
582 6297242
583 6308062
584 6318882
585 6329702
586 6340522
587 6351342
588 6362162
589 6372982
590 6383802
591 6394622
592 6405442
593 6416262
594 6427082
595 6437902
596 6448722
597 6459542
598 6470362
599 6481182
600 6492002
601 6502822
602 6513642
603 6524462
604 6535282
605 6546102
606 6556922
607 6567742
608 6578562
609 6589382
610 6600202
611 6611022
612 6621842
613 6632662
614 6643482
615 6654302
616 6665122
617 6675942
618 6686762
619 6697582
620 6708402
621 6719222
622 6730042
623 6740862
624 6751682
625 6762502
626 6773322
627 6784142
628 6794962
629 6805782
630 6816602
631 6827422
632 6838242
633 6849062
634 6859882
635 6870702
636 6881522
637 6892342
638 6903162
639 6913982
640 6924802
641 6935622
642 6946442
643 6957262
644 6968082
645 6978902
646 6989722
647 7000542
648 7011362
649 7022182
650 7033002
651 7043822
652 7054642
653 7065462
654 7076282
655 7087102
656 7097922
657 7108742
658 7119562
659 7130382
660 7141202
661 7152022
662 7162842
663 7173662
664 7184482
665 7195302
666 7206122
667 7216942
668 7227762
669 7238582
670 7249402
671 7260222
672 7271042
673 7281862
674 7292682
675 7303502
676 7314322
677 7325142
678 7335962
679 7346782
680 7357602
681 7368422
682 7379242
683 7390062
684 7400882
685 7411702
686 7422522
687 7433342
688 7444162
689 7454982
690 7465802
691 7476622
692 7487442
693 7498262
694 7509082
695 7519902
696 7530722
697 7541542
698 7552362
699 7563182
700 7574002
701 7584822
702 7595642
703 7606462
704 7617282
705 7628102
706 7638922
707 7649742
708 7660562
709 7671382
710 7682202
711 7693022
712 7703842
713 7714662
714 7725482
715 7736302
716 7747122
717 7757942
718 7768762
719 7779582
720 7790402
721 7801222
722 7812042
723 7822862
724 7833682
725 7844502
726 7855322
727 7866142
728 7876962
729 7887782
730 7898602
731 7909422
732 7920242
733 7931062
734 7941882
735 7952702
736 7963522
737 7974342
738 7985162
739 7995982
740 8006802
741 8017622
742 8028442
743 8039262
744 8050082
745 8060902
746 8071722
747 8082542
748 8093362
749 8104182
750 8115002
751 8125822
752 8136642
753 8147462
754 8158282
755 8169102
756 8179922
757 8190742
758 8201562
759 8212382
760 8223202
761 8234022
762 8244842
763 8255662
764 8266482
765 8277302
766 8288122
767 8298942
768 8309762
769 8320582
770 8331402
771 8342222
772 8353042
773 8363862
774 8374682
775 8385502
776 8396322
777 8407142
778 8417962
779 8428782
780 8439602
781 8450422
782 8461242
783 8472062
784 8482882
785 8493702
786 8504522
787 8515342
788 8526162
789 8536982
790 8547802
791 8558622
792 8569442
793 8580262
794 8591082
795 8601902
796 8612722
797 8623542
798 8634362
799 8645182
800 8656002
801 8666822
802 8677642
803 8688462
804 8699282
805 8710102
806 8720922
807 8731742
808 8742562
809 8753382
810 8764202
811 8775022
812 8785842
813 8796662
814 8807482
815 8818302
816 8829122
817 8839942
818 8850762
819 8861582
820 8872402
821 8883222
822 8894042
823 8904862
824 8915682
825 8926502
826 8937322
827 8948142
828 8958962
829 8969782
830 8980602
831 8991422
832 9002242
833 9013062
834 9023882
835 9034702
836 9045522
837 9056342
838 9067162
839 9077982
840 9088802
841 9099622
842 9110442
843 9121262
844 9132082
845 9142902
846 9153722
847 9164542
848 9175362
849 9186182
850 9197002
851 9207822
852 9218642
853 9229462
854 9240282
855 9251102
856 9261922
857 9272742
858 9283562
859 9294382
860 9305202
861 9316022
862 9326842
863 9337662
864 9348482
865 9359302
866 9370122
867 9380942
868 9391762
869 9402582
870 9413402
871 9424222
872 9435042
873 9445862
874 9456682
875 9467502
876 9478322
877 9489142
878 9499962
879 9510782
880 9521602
881 9532422
882 9543242
883 9554062
884 9564882
885 9575702
886 9586522
887 9597342
888 9608162
889 9618982
890 9629802
891 9640622
892 9651442
893 9662262
894 9673082
895 9683902
896 9694722
897 9705542
898 9716362
899 9727182
900 9738002
901 9748822
902 9759642
903 9770462
904 9781282
905 9792102
906 9802922
907 9813742
908 9824562
909 9835382
910 9846202
911 9857022
912 9867842
913 9878662
914 9889482
915 9900302
916 9911122
917 9921942
918 9932762
919 9943582
920 9954402
921 9965222
922 9976042
923 9986862
924 9997682
925 10008502
926 10019322
927 10030142
928 10040962
929 10051782
930 10062602
931 10073422
932 10084242
933 10095062
934 10105882
935 10116702
936 10127522
937 10138342
938 10149162
939 10159982
940 10170802
941 10181622
942 10192442
943 10203262
944 10214082
945 10224902
946 10235722
947 10246542
948 10257362
949 10268182
950 10279002
951 10289822
952 10300642
953 10311462
954 10322282
955 10333102
956 10343922
957 10354742
958 10365562
959 10376382
960 10387202
961 10398022
962 10408842
963 10419662
964 10430482
965 10441302
966 10452122
967 10462942
968 10473762
969 10484582
970 10495402
971 10506222
972 10517042
973 10527862
974 10538682
975 10549502
976 10560322
977 10571142
978 10581962
979 10592782
980 10603602
981 10614422
982 10625242
983 10636062
984 10646882
985 10657702
986 10668522
987 10679342
988 10690162
989 10700982
990 10711802
991 10722622
992 10733442
993 10744262
994 10755082
995 10765902
996 10776722
997 10787542
998 10798362
999 10809182

