100 14682
101 29362
102 44042
103 58722
104 73402
105 88082
106 102762
107 117442
108 132122
109 146802
110 161482
111 176162
112 190842
113 205522
114 220202
115 234882
116 249562
117 264242
118 278922
119 293602
120 308282
121 322962
122 337642
123 352322
124 367002
125 381682
126 396362
127 411042
128 425722
129 440402
130 455082
131 469762
132 484442
133 499122
134 513802
135 528482
136 543162
137 557842
138 572522
139 587202
140 601882
141 616562
142 631242
143 645922
144 660602
145 675282
146 689962
147 704642
148 719322
149 734002
150 748682
151 763362
152 778042
153 792722
154 807402
155 822082
156 836762
157 851442
158 866122
159 880802
160 895482
161 910162
162 924842
163 939522
164 954202
165 968882
166 983562
167 998242
168 1012922
169 1027602
170 1042282
171 1056962
172 1071642
173 1086322
174 1101002
175 1115682
176 1130362
177 1145042
178 1159722
179 1174402
180 1189082
181 1203762
182 1218442
183 1233122
184 1247802
185 1262482
186 1277162
187 1291842
188 1306522
189 1321202
190 1335882
191 1350562
192 1365242
193 1379922
194 1394602
195 1409282
196 1423962
197 1438642
198 1453322
199 1468002
200 1482682
201 1497362
202 1512042
203 1526722
204 1541402
205 1556082
206 1570762
207 1585442
208 1600122
209 1614802
210 1629482
211 1644162
212 1658842
213 1673522
214 1688202
215 1702882
216 1717562
217 1732242
218 1746922
219 1761602
220 1776282
221 1790962
222 1805642
223 1820322
224 1835002
225 1849682
226 1864362
227 1879042
228 1893722
229 1908402
230 1923082
231 1937762
232 1952442
233 1967122
234 1981802
235 1996482
236 2011162
237 2025842
238 2040522
239 2055202
240 2069882
241 2084562
242 2099242
243 2113922
244 2128602
245 2143282
246 2157962
247 2172642
248 2187322
249 2202002
250 2216682
251 2231362
252 2246042
253 2260722
254 2275402
255 2290082
256 2304762
257 2319442
258 2334122
259 2348802
260 2363482
261 2378162
262 2392842
263 2407522
264 2422202
265 2436882
266 2451562
267 2466242
268 2480922
269 2495602
270 2510282
271 2524962
272 2539642
273 2554322
274 2569002
275 2583682
276 2598362
277 2613042
278 2627722
279 2642402
280 2657082
281 2671762
282 2686442
283 2701122
284 2715802
285 2730482
286 2745162
287 2759842
288 2774522
289 2789202
290 2803882
291 2818562
292 2833242
293 2847922
294 2862602
295 2877282
296 2891962
297 2906642
298 2921322
299 2936002
300 2950682
301 2965362
302 2980042
303 2994722
304 3009402
305 3024082
306 3038762
307 3053442
308 3068122
309 3082802
310 3097482
311 3112162
312 3126842
313 3141522
314 3156202
315 3170882
316 3185562
317 3200242
318 3214922
319 3229602
320 3244282
321 3258962
322 3273642
323 3288322
324 3303002
325 3317682
326 3332362
327 3347042
328 3361722
329 3376402
330 3391082
331 3405762
332 3420442
333 3435122
334 3449802
335 3464482
336 3479162
337 3493842
338 3508522
339 3523202
340 3537882
341 3552562
342 3567242
343 3581922
344 3596602
345 3611282
346 3625962
347 3640642
348 3655322
349 3670002
350 3684682
351 3699362
352 3714042
353 3728722
354 3743402
355 3758082
356 3772762
357 3787442
358 3802122
359 3816802
360 3831482
361 3846162
362 3860842
363 3875522
364 3890202
365 3904882
366 3919562
367 3934242
368 3948922
369 3963602
370 3978282
371 3992962
372 4007642
373 4022322
374 4037002
375 4051682
376 4066362
377 4081042
378 4095722
379 4110402
380 4125082
381 4139762
382 4154442
383 4169122
384 4183802
385 4198482
386 4213162
387 4227842
388 4242522
389 4257202
390 4271882
391 4286562
392 4301242
393 4315922
394 4330602
395 4345282
396 4359962
397 4374642
398 4389322
399 4404002
400 4418682
401 4433362
402 4448042
403 4462722
404 4477402
405 4492082
406 4506762
407 4521442
408 4536122
409 4550802
410 4565482
411 4580162
412 4594842
413 4609522
414 4624202
415 4638882
416 4653562
417 4668242
418 4682922
419 4697602
420 4712282
421 4726962
422 4741642
423 4756322
424 4771002
425 4785682
426 4800362
427 4815042
428 4829722
429 4844402
430 4859082
431 4873762
432 4888442
433 4903122
434 4917802
435 4932482
436 4947162
437 4961842
438 4976522
439 4991202
440 5005882
441 5020562
442 5035242
443 5049922
444 5064602
445 5079282
446 5093962
447 5108642
448 5123322
449 5138002
450 5152682
451 5167362
452 5182042
453 5196722
454 5211402
455 5226082
456 5240762
457 5255442
458 5270122
459 5284802
460 5299482
461 5314162
462 5328842
463 5343522
464 5358202
465 5372882
466 5387562
467 5402242
468 5416922
469 5431602
470 5446282
471 5460962
472 5475642
473 5490322
474 5505002
475 5519682
476 5534362
477 5549042
478 5563722
479 5578402
480 5593082
481 5607762
482 5622442
483 5637122
484 5651802
485 5666482
486 5681162
487 5695842
488 5710522
489 5725202
490 5739882
491 5754562
492 5769242
493 5783922
494 5798602
495 5813282
496 5827962
497 5842642
498 5857322
499 5872002
500 5886682
501 5901362
502 5916042
503 5930722
504 5945402
505 5960082
506 5974762
507 5989442
508 6004122
509 6018802
510 6033482
511 6048162
512 6062842
513 6077522
514 6092202
515 6106882
516 6121562
517 6136242
518 6150922
519 6165602
520 6180282
521 6194962
522 6209642
523 6224322
524 6239002
525 6253682
526 6268362
527 6283042
528 6297722
529 6312402
530 6327082
531 6341762
532 6356442
533 6371122
534 6385802
535 6400482
536 6415162
537 6429842
538 6444522
539 6459202
540 6473882
541 6488562
542 6503242
543 6517922
544 6532602
545 6547282
546 6561962
547 6576642
548 6591322
549 6606002
550 6620682
551 6635362
552 6650042
553 6664722
554 6679402
555 6694082
556 6708762
557 6723442
558 6738122
559 6752802
560 6767482
561 6782162
562 6796842
563 6811522
564 6826202
565 6840882
566 6855562
567 6870242
568 6884922
569 6899602
570 6914282
571 6928962
572 6943642
573 6958322
574 6973002
575 6987682
576 7002362
577 7017042
578 7031722
579 7046402
580 7061082
581 7075762
582 7090442
583 7105122
584 7119802
585 7134482
586 7149162
587 7163842
588 7178522
589 7193202
590 7207882
591 7222562
592 7237242
593 7251922
594 7266602
595 7281282
596 7295962
597 7310642
598 7325322
599 7340002
600 7354682
601 7369362
602 7384042
603 7398722
604 7413402
605 7428082
606 7442762
607 7457442
608 7472122
609 7486802
610 7501482
611 7516162
612 7530842
613 7545522
614 7560202
615 7574882
616 7589562
617 7604242
618 7618922
619 7633602
620 7648282
621 7662962
622 7677642
623 7692322
624 7707002
625 7721682
626 7736362
627 7751042
628 7765722
629 7780402
630 7795082
631 7809762
632 7824442
633 7839122
634 7853802
635 7868482
636 7883162
637 7897842
638 7912522
639 7927202
640 7941882
641 7956562
642 7971242
643 7985922
644 8000602
645 8015282
646 8029962
647 8044642
648 8059322
649 8074002
650 8088682
651 8103362
652 8118042
653 8132722
654 8147402
655 8162082
656 8176762
657 8191442
658 8206122
659 8220802
660 8235482
661 8250162
662 8264842
663 8279522
664 8294202
665 8308882
666 8323562
667 8338242
668 8352922
669 8367602
670 8382282
671 8396962
672 8411642
673 8426322
674 8441002
675 8455682
676 8470362
677 8485042
678 8499722
679 8514402
680 8529082
681 8543762
682 8558442
683 8573122
684 8587802
685 8602482
686 8617162
687 8631842
688 8646522
689 8661202
690 8675882
691 8690562
692 8705242
693 8719922
694 8734602
695 8749282
696 8763962
697 8778642
698 8793322
699 8808002
700 8822682
701 8837362
702 8852042
703 8866722
704 8881402
705 8896082
706 8910762
707 8925442
708 8940122
709 8954802
710 8969482
711 8984162
712 8998842
713 9013522
714 9028202
715 9042882
716 9057562
717 9072242
718 9086922
719 9101602
720 9116282
721 9130962
722 9145642
723 9160322
724 9175002
725 9189682
726 9204362
727 9219042
728 9233722
729 9248402
730 9263082
731 9277762
732 9292442
733 9307122
734 9321802
735 9336482
736 9351162
737 9365842
738 9380522
739 9395202
740 9409882
741 9424562
742 9439242
743 9453922
744 9468602
745 9483282
746 9497962
747 9512642
748 9527322
749 9542002
750 9556682
751 9571362
752 9586042
753 9600722
754 9615402
755 9630082
756 9644762
757 9659442
758 9674122
759 9688802
760 9703482
761 9718162
762 9732842
763 9747522
764 9762202
765 9776882
766 9791562
767 9806242
768 9820922
769 9835602
770 9850282
771 9864962
772 9879642
773 9894322
774 9909002
775 9923682
776 9938362
777 9953042
778 9967722
779 9982402
780 9997082
781 10011762
782 10026442
783 10041122
784 10055802
785 10070482
786 10085162
787 10099842
788 10114522
789 10129202
790 10143882
791 10158562
792 10173242
793 10187922
794 10202602
795 10217282
796 10231962
797 10246642
798 10261322
799 10276002
800 10290682
801 10305362
802 10320042
803 10334722
804 10349402
805 10364082
806 10378762
807 10393442
808 10408122
809 10422802
810 10437482
811 10452162
812 10466842
813 10481522
814 10496202
815 10510882
816 10525562
817 10540242
818 10554922
819 10569602
820 10584282
821 10598962
822 10613642
823 10628322
824 10643002
825 10657682
826 10672362
827 10687042
828 10701722
829 10716402
830 10731082
831 10745762
832 10760442
833 10775122
834 10789802
835 10804482
836 10819162
837 10833842
838 10848522
839 10863202
840 10877882
841 10892562
842 10907242
843 10921922
844 10936602
845 10951282
846 10965962
847 10980642
848 10995322
849 11010002
850 11024682
851 11039362
852 11054042
853 11068722
854 11083402
855 11098082
856 11112762
857 11127442
858 11142122
859 11156802
860 11171482
861 11186162
862 11200842
863 11215522
864 11230202
865 11244882
866 11259562
867 11274242
868 11288922
869 11303602
870 11318282
871 11332962
872 11347642
873 11362322
874 11377002
875 11391682
876 11406362
877 11421042
878 11435722
879 11450402
880 11465082
881 11479762
882 11494442
883 11509122
884 11523802
885 11538482
886 11553162
887 11567842
888 11582522
889 11597202
890 11611882
891 11626562
892 11641242
893 11655922
894 11670602
895 11685282
896 11699962
897 11714642
898 11729322
899 11744002
900 11758682
901 11773362
902 11788042
903 11802722
904 11817402
905 11832082
906 11846762
907 11861442
908 11876122
909 11890802
910 11905482
911 11920162
912 11934842
913 11949522
914 11964202
915 11978882
916 11993562
917 12008242
918 12022922
919 12037602
920 12052282
921 12066962
922 12081642
923 12096322
924 12111002
925 12125682
926 12140362
927 12155042
928 12169722
929 12184402
930 12199082
931 12213762
932 12228442
933 12243122
934 12257802
935 12272482
936 12287162
937 12301842
938 12316522
939 12331202
940 12345882
941 12360562
942 12375242
943 12389922
944 12404602
945 12419282
946 12433962
947 12448642
948 12463322
949 12478002
950 12492682
951 12507362
952 12522042
953 12536722
954 12551402
955 12566082
956 12580762
957 12595442
958 12610122
959 12624802
960 12639482
961 12654162
962 12668842
963 12683522
964 12698202
965 12712882
966 12727562
967 12742242
968 12756922
969 12771602
970 12786282
971 12800962
972 12815642
973 12830322
974 12845002
975 12859682
976 12874362
977 12889042
978 12903722
979 12918402
980 12933082
981 12947762
982 12962442
983 12977122
984 12991802
985 13006482
986 13021162
987 13035842
988 13050522
989 13065202
990 13079882
991 13094562
992 13109242
993 13123922
994 13138602
995 13153282
996 13167962
997 13182642
998 13197322
999 13212002
