20000 0.365034
40000 0.180184
60000 0.120489
80000 0.089886
100000 0.073281
120000 0.059627
140000 0.053040
160000 0.043845
180000 0.039317
200000 0.036503
220000 0.032181
240000 0.029024
260000 0.028544
280000 0.026897
300000 0.024633
320000 0.020928
340000 0.023878
360000 0.019967
380000 0.019487
400000 0.017566
420000 0.017566
440000 0.016536
460000 0.015713
480000 0.015095
500000 0.015164
520000 0.013586
540000 0.012831
560000 0.013860
580000 0.012762
600000 0.013106
620000 0.010773
640000 0.010361
660000 0.011665
680000 0.011665
700000 0.011322
720000 0.009743
740000 0.009606
760000 0.009606
780000 0.008989
800000 0.008920
820000 0.008646
840000 0.008920
860000 0.009194
880000 0.008646
900000 0.009400
920000 0.008028
940000 0.007205
960000 0.007273
980000 0.007616
1000000 0.007891
