100000 0.073161
200000 0.036308
300000 0.024523
400000 0.017507
500000 0.015123
600000 0.013079
700000 0.011308
800000 0.008924
900000 0.009332
1000000 0.007902
1100000 0.005109
1200000 0.006063
1300000 0.005450
1400000 0.006063
1500000 0.005245
1600000 0.004564
1700000 0.004564
1800000 0.004973
1900000 0.004155
2000000 0.003678
2100000 0.003951
2200000 0.002657
2300000 0.003815
2400000 0.003270
2500000 0.002657
2600000 0.002589
2700000 0.002589
2800000 0.002657
2900000 0.002725
3000000 0.003270
3100000 0.002452
3200000 0.002657
3300000 0.001839
3400000 0.002248
3500000 0.002657
3600000 0.002452
3700000 0.002384
3800000 0.001567
3900000 0.001703
