100000 14680
200000 14680
300000 14680
400000 14680
500000 14680
600000 14680
700000 14680
800000 14680
900000 14680
1000000 14680
1100000 14680
1200000 14680
1300000 14680
1400000 14680
1500000 14680
1600000 14680
1700000 14680
1800000 14680
1900000 14680
2000000 14680
2100000 14680
2200000 14680
2300000 14680
2400000 14680
2500000 14680
2600000 14680
2700000 14680
2800000 14680
2900000 14680
3000000 14680
3100000 14680
3200000 14680
3300000 14680
3400000 14680
3500000 14680
3600000 14680
3700000 14680
3800000 14680
3900000 14680
