100 72.660264
101 72.272086
102 71.912947
103 71.587361
104 71.213400
105 70.862560
106 70.538497
107 70.204876
108 69.874601
109 69.548194
110 69.233983
111 68.909095
112 68.587062
113 68.276136
114 67.962362
115 67.666054
116 67.364563
117 67.067135
118 66.775292
119 66.485276
120 66.204209
121 65.918278
122 65.638780
123 65.365722
124 65.093738
125 64.825923
126 64.560195
127 64.295517
128 64.036324
129 63.777578
130 63.522574
131 63.267591
132 63.014276
133 62.764026
134 62.519151
135 62.279321
136 62.039854
137 61.799542
138 61.566319
139 61.333020
140 61.100757
141 60.871682
142 60.644567
143 60.418311
144 60.195905
145 59.975261
146 59.757201
147 59.540622
148 59.328127
149 59.114632
150 58.905577
151 58.699650
152 58.492430
153 58.288223
154 58.085168
155 57.885206
156 57.685422
157 57.487964
158 57.292495
159 57.099238
160 56.908372
161 56.717729
162 56.529350
163 56.341818
164 56.156292
165 55.973105
166 55.792670
167 55.612486
168 55.433086
169 55.253226
170 55.076357
171 54.900794
172 54.726733
173 54.553550
174 54.382421
175 54.213232
176 54.044508
177 53.877499
178 53.712520
179 53.547948
180 53.386146
181 53.223813
182 53.062623
183 52.902726
184 52.744550
185 52.587999
186 52.431919
187 52.277216
188 52.123519
189 51.970950
190 51.819309
191 51.669021
192 51.520599
193 51.372458
194 51.225714
195 51.079523
196 50.934385
197 50.790266
198 50.647331
199 50.505288
200 50.364822
201 50.225485
202 50.087134
203 49.948807
204 49.812244
205 49.676610
206 49.542274
207 49.408402
208 49.275344
209 49.143584
210 49.012635
211 48.881743
212 48.752635
213 48.623072
214 48.495362
215 48.368409
216 48.242445
217 48.117382
218 47.992322
219 47.868599
220 47.746090
221 47.623821
222 47.502400
223 47.381768
224 47.262022
225 47.143820
226 47.025792
227 46.907805
228 46.790708
229 46.674532
230 46.559724
231 46.444792
232 46.330907
233 46.217920
234 46.105215
235 45.993046
236 45.881857
237 45.771348
238 45.661477
239 45.551706
240 45.443947
241 45.335237
242 45.227648
243 45.120738
244 45.014715
245 44.909175
246 44.804573
247 44.699781
248 44.596271
249 44.493729
250 44.391672
251 44.290270
252 44.189486
253 44.088955
254 43.988962
255 43.889173
256 43.790572
257 43.692211
258 43.594406
259 43.496786
260 43.400255
261 43.303902
262 43.208154
263 43.112701
264 43.017786
265 42.923794
266 42.829753
267 42.737067
268 42.644293
269 42.552342
270 42.461274
271 42.369942
272 42.279636
273 42.189026
274 42.099582
275 42.010379
276 41.921888
277 41.833471
278 41.745745
279 41.658405
280 41.571319
281 41.484894
282 41.398793
283 41.313373
284 41.228168
285 41.143237
286 41.058754
287 40.974435
288 40.891234
289 40.807990
290 40.725235
291 40.643001
292 40.561150
293 40.479826
294 40.398859
295 40.318178
296 40.238237
297 40.158961
298 40.079379
299 40.000581
300 39.922082
301 39.843533
302 39.765993
303 39.688419
304 39.611349
305 39.534446
306 39.458109
307 39.382453
308 39.306659
309 39.231497
310 39.156689
311 39.082043
312 39.008005
313 38.934329
314 38.860898
315 38.788032
316 38.715141
317 38.642735
318 38.570796
319 38.498843
320 38.427311
321 38.356253
322 38.285449
323 38.214922
324 38.144700
325 38.074591
326 38.005185
327 37.935894
328 37.866743
329 37.798307
330 37.730234
331 37.661884
332 37.594462
333 37.526935
334 37.459886
335 37.392973
336 37.326346
337 37.260056
338 37.193837
339 37.128137
340 37.062547
341 36.997408
342 36.932357
343 36.867567
344 36.803211
345 36.739342
346 36.675381
347 36.611987
348 36.548635
349 36.485663
350 36.423073
351 36.360944
352 36.298664
353 36.236726
354 36.175085
355 36.113771
356 36.052734
357 35.991975
358 35.931292
359 35.870828
360 35.810988
361 35.751051
362 35.691340
363 35.631933
364 35.572715
365 35.513553
366 35.454683
367 35.396092
368 35.337877
369 35.279959
370 35.222268
371 35.164660
372 35.107320
373 35.050182
374 34.993445
375 34.936841
376 34.880434
377 34.824218
378 34.768319
379 34.712569
380 34.656881
381 34.601696
382 34.546533
383 34.491600
384 34.437253
385 34.382805
386 34.328567
387 34.274485
388 34.220819
389 34.167235
390 34.113775
391 34.060520
392 34.007272
393 33.954269
394 33.901748
395 33.849387
396 33.797045
397 33.744812
398 33.692945
399 33.641212
400 33.589667
401 33.538370
402 33.487329
403 33.436588
404 33.386029
405 33.335743
406 33.285393
407 33.235319
408 33.185517
409 33.135829
410 33.086289
411 33.036787
412 32.987546
413 32.938467
414 32.889613
415 32.841007
416 32.792457
417 32.744142
418 32.695946
419 32.647859
420 32.600025
421 32.552324
422 32.504716
423 32.457297
424 32.410155
425 32.363153
426 32.316222
427 32.269500
428 32.223132
429 32.176617
430 32.130474
431 32.084405
432 32.038453
433 31.992732
434 31.947223
435 31.901880
436 31.856629
437 31.811653
438 31.766710
439 31.721989
440 31.677451
441 31.632986
442 31.588656
443 31.544541
444 31.500469
445 31.456776
446 31.413122
447 31.369511
448 31.326012
449 31.282835
450 31.239793
451 31.196667
452 31.153770
453 31.111094
454 31.068499
455 31.025955
456 30.983585
457 30.941486
458 30.899530
459 30.857652
460 30.815908
461 30.774245
462 30.732703
463 30.691409
464 30.650077
465 30.609063
466 30.568316
467 30.527513
468 30.486806
469 30.446062
470 30.405528
471 30.365172
472 30.325014
473 30.284898
474 30.245068
475 30.205179
476 30.165484
477 30.126020
478 30.086549
479 30.047259
480 30.008419
481 29.969451
482 29.930349
483 29.891538
484 29.852839
485 29.814385
486 29.775873
487 29.737615
488 29.699531
489 29.661395
490 29.623493
491 29.585829
492 29.548214
493 29.510619
494 29.472927
495 29.435596
496 29.398286
497 29.361183
498 29.324217
499 29.287188
500 29.250471
501 29.213765
502 29.177269
503 29.140725
504 29.104551
505 29.068306
506 29.032144
507 28.995962
508 28.960050
509 28.924151
510 28.888408
511 28.852812
512 28.817400
513 28.782013
514 28.746740
515 28.711654
516 28.676514
517 28.641475
518 28.606546
519 28.571787
520 28.537107
521 28.502464
522 28.467917
523 28.433533
524 28.399199
525 28.365008
526 28.330892
527 28.296814
528 28.262866
529 28.229059
530 28.195391
531 28.161899
532 28.128265
533 28.094826
534 28.061644
535 28.028357
536 27.995253
537 27.962311
538 27.929459
539 27.896456
540 27.863767
541 27.831091
542 27.798461
543 27.765961
544 27.733631
545 27.701313
546 27.669063
547 27.636899
548 27.604839
549 27.572927
550 27.541112
551 27.509319
552 27.477639
553 27.446026
554 27.414500
555 27.383142
556 27.351918
557 27.320623
558 27.289411
559 27.258280
560 27.227186
561 27.196178
562 27.165308
563 27.134430
564 27.103701
565 27.073171
566 27.042730
567 27.012255
568 26.981952
569 26.951615
570 26.921377
571 26.891309
572 26.861238
573 26.831233
574 26.801273
575 26.771533
576 26.741924
577 26.712345
578 26.682755
579 26.653202
580 26.623789
581 26.594600
582 26.565308
583 26.536238
584 26.507148
585 26.478154
586 26.449207
587 26.420323
588 26.391544
589 26.362819
590 26.334172
591 26.305560
592 26.277153
593 26.248700
594 26.220470
595 26.192160
596 26.163932
597 26.135838
598 26.107849
599 26.079910
600 26.052020
601 26.024128
602 25.996218
603 25.968558
604 25.940966
605 25.913256
606 25.885762
607 25.858332
608 25.831005
609 25.803773
610 25.776573
611 25.749454
612 25.722388
613 25.695447
614 25.668615
615 25.641827
616 25.615036
617 25.588326
618 25.561736
619 25.535164
620 25.508661
621 25.482241
622 25.455863
623 25.429472
624 25.403239
625 25.377079
626 25.351032
627 25.324976
628 25.298956
629 25.272911
630 25.247161
631 25.221351
632 25.195545
633 25.169853
634 25.144231
635 25.118699
636 25.093287
637 25.067817
638 25.042423
639 25.016963
640 24.991742
641 24.966479
642 24.941343
643 24.916233
644 24.891221
645 24.866292
646 24.841361
647 24.816475
648 24.791750
649 24.766930
650 24.742248
651 24.717632
652 24.693099
653 24.668614
654 24.644108
655 24.619685
656 24.595343
657 24.571004
658 24.546878
659 24.522763
660 24.498700
661 24.474728
662 24.450735
663 24.426834
664 24.403040
665 24.379114
666 24.355320
667 24.331654
668 24.308031
669 24.284480
670 24.260987
671 24.237456
672 24.214074
673 24.190618
674 24.167335
675 24.144122
676 24.120860
677 24.097659
678 24.074579
679 24.051578
680 24.028564
681 24.005614
682 23.982736
683 23.959903
684 23.937086
685 23.914265
686 23.891535
687 23.868931
688 23.846324
689 23.823658
690 23.801190
691 23.778669
692 23.756238
693 23.733902
694 23.711613
695 23.689405
696 23.667201
697 23.645020
698 23.622906
699 23.600863
700 23.578860
701 23.556891
702 23.535052
703 23.513237
704 23.491336
705 23.469588
706 23.447857
707 23.426177
708 23.404555
709 23.382988
710 23.361497
711 23.340001
712 23.318612
713 23.297350
714 23.276037
715 23.254712
716 23.233460
717 23.212190
718 23.191028
719 23.169945
720 23.148951
721 23.127982
722 23.107045
723 23.086052
724 23.065124
725 23.044278
726 23.023488
727 23.002761
728 22.982043
729 22.961332
730 22.940617
731 22.920032
732 22.899461
733 22.878925
734 22.858503
735 22.838062
736 22.817721
737 22.797460
738 22.777219
739 22.756987
740 22.736854
741 22.716620
742 22.696566
743 22.676472
744 22.656457
745 22.636419
746 22.616469
747 22.596571
748 22.576717
749 22.556870
750 22.537151
751 22.517406
752 22.497623
753 22.478014
754 22.458404
755 22.438875
756 22.419404
757 22.399940
758 22.380520
759 22.361104
760 22.341682
761 22.322358
762 22.303092
763 22.283839
764 22.264534
765 22.245422
766 22.226323
767 22.207130
768 22.188161
769 22.169167
770 22.150215
771 22.131289
772 22.112383
773 22.093503
774 22.074657
775 22.055862
776 22.037133
777 22.018363
778 21.999688
779 21.981110
780 21.962491
781 21.943865
782 21.925327
783 21.906792
784 21.888271
785 21.869807
786 21.851427
787 21.833133
788 21.814864
789 21.796576
790 21.778408
791 21.760134
792 21.741944
793 21.723811
794 21.705705
795 21.687743
796 21.669697
797 21.651741
798 21.633720
799 21.615786
800 21.597919
801 21.580061
802 21.562247
803 21.544446
804 21.526685
805 21.509002
806 21.491383
807 21.473728
808 21.456163
809 21.438560
810 21.421113
811 21.403598
812 21.386106
813 21.368645
814 21.351235
815 21.333847
816 21.316544
817 21.299245
818 21.281985
819 21.264728
820 21.247505
821 21.230383
822 21.213260
823 21.196170
824 21.179059
825 21.162058
826 21.145073
827 21.128110
828 21.111176
829 21.094346
830 21.077503
831 21.060655
832 21.043783
833 21.026989
834 21.010223
835 20.993500
836 20.976840
837 20.960184
838 20.943524
839 20.926894
840 20.910332
841 20.893771
842 20.877229
843 20.860721
844 20.844272
845 20.827794
846 20.811403
847 20.795029
848 20.778715
849 20.762401
850 20.746146
851 20.729957
852 20.713726
853 20.697531
854 20.681388
855 20.665237
856 20.649213
857 20.633129
858 20.617071
859 20.601027
860 20.585096
861 20.569130
862 20.553230
863 20.537309
864 20.521470
865 20.505604
866 20.489808
867 20.474036
868 20.458314
869 20.442533
870 20.426851
871 20.411140
872 20.395483
873 20.379940
874 20.364362
875 20.348852
876 20.333313
877 20.317818
878 20.302368
879 20.286915
880 20.271551
881 20.256094
882 20.240771
883 20.225427
884 20.210103
885 20.194879
886 20.179639
887 20.164435
888 20.149278
889 20.134090
890 20.119017
891 20.103954
892 20.088904
893 20.073859
894 20.058873
895 20.043897
896 20.028911
897 20.013960
898 19.999085
899 19.984200
900 19.969368
901 19.954512
902 19.939671
903 19.924859
904 19.910079
905 19.895320
906 19.880596
907 19.865922
908 19.851256
909 19.836631
910 19.821996
911 19.807353
912 19.792788
913 19.778324
914 19.763807
915 19.749295
916 19.734832
917 19.720362
918 19.705975
919 19.691578
920 19.677212
921 19.662923
922 19.648592
923 19.634346
924 19.620016
925 19.605782
926 19.591572
927 19.577348
928 19.563171
929 19.549042
930 19.534914
931 19.520740
932 19.506684
933 19.492627
934 19.478622
935 19.464595
936 19.450609
937 19.436709
938 19.422721
939 19.408799
940 19.394888
941 19.381034
942 19.367198
943 19.353419
944 19.339651
945 19.325879
946 19.312117
947 19.298409
948 19.284705
949 19.271013
950 19.257321
951 19.243673
952 19.230075
953 19.216505
954 19.202993
955 19.189433
956 19.175861
957 19.162355
958 19.148866
959 19.135407
960 19.122022
961 19.108597
962 19.095196
963 19.081859
964 19.068469
965 19.055168
966 19.041881
967 19.028598
968 19.015370
969 19.002138
970 18.988925
971 18.975678
972 18.962494
973 18.949355
974 18.936252
975 18.923119
976 18.910048
977 18.897009
978 18.883961
979 18.870922
980 18.857931
981 18.844963
982 18.832023
983 18.819125
984 18.806205
985 18.793303
986 18.780414
987 18.767583
988 18.754689
989 18.741875
990 18.729079
991 18.716233
992 18.703466
993 18.690681
994 18.677982
995 18.665278
996 18.652639
997 18.639992
998 18.627326
999 18.614705

